0 0.041667 0.093229 0.077778 0.164583
0 0.120370 0.103646 0.094444 0.158333
0 0.198148 0.101042 0.083333 0.176042
0 0.262037 0.096875 0.105556 0.173958
0 0.387037 0.097917 0.090741 0.151042
0 0.466204 0.098958 0.045370 0.142708
0 0.531019 0.092708 0.080556 0.146875
0 0.619444 0.084896 0.077778 0.108333
0 0.828241 0.108333 0.245370 0.167708
0 0.768056 0.364844 0.147222 0.171354
0 0.947222 0.351562 0.103704 0.161458
0 0.614815 0.362500 0.107407 0.152083
0 0.522222 0.359375 0.101852 0.145833
0 0.434722 0.357552 0.082407 0.145313
0 0.359259 0.355208 0.087037 0.154167
0 0.266204 0.351823 0.089815 0.148438
0 0.179167 0.350781 0.087963 0.144271
0 0.102315 0.344271 0.078704 0.143750
0 0.031481 0.344271 0.062963 0.150000
0 0.071296 0.544792 0.083333 0.073958
0 0.164815 0.548958 0.066667 0.065625
0 0.281944 0.552083 0.089815 0.071875
0 0.386574 0.549479 0.086111 0.066667
0 0.488889 0.555990 0.068519 0.083854
0 0.568056 0.567969 0.082407 0.084896
0 0.780093 0.582552 0.169444 0.138021
0 0.927778 0.593750 0.142593 0.117708
0 0.834259 0.772135 0.183333 0.153646
0 0.521296 0.751823 0.205556 0.145313
0 0.339815 0.738281 0.240741 0.152604
0 0.174537 0.734115 0.204630 0.150521
0 0.102315 0.888281 0.178704 0.101562
0 0.237963 0.902865 0.177778 0.114062
0 0.393981 0.914062 0.223148 0.128125
0 0.605556 0.919010 0.175926 0.114062
