0 0.492130 0.066406 0.286111 0.132812
0 0.212037 0.066146 0.153704 0.132292
0 0.079630 0.057813 0.159259 0.115625
0 0.062963 0.300781 0.125926 0.155729
0 0.284722 0.298438 0.219444 0.166667
0 0.618519 0.314844 0.205556 0.159896
0 0.762500 0.309375 0.154630 0.146875
0 0.884259 0.302865 0.133333 0.147396
0 0.927315 0.504687 0.143519 0.125000
0 0.815278 0.510417 0.160185 0.102083
0 0.705093 0.512240 0.178704 0.126562
0 0.568056 0.517969 0.189815 0.131771
0 0.419444 0.518750 0.225926 0.139583
0 0.267593 0.533854 0.179630 0.132292
0 0.100926 0.533333 0.168519 0.127083
0 0.067593 0.732292 0.135185 0.136458
0 0.187037 0.729427 0.190741 0.132812
0 0.435648 0.690104 0.160185 0.109375
0 0.577778 0.689583 0.135185 0.093750
0 0.726852 0.692448 0.127778 0.116146
0 0.863889 0.677344 0.153704 0.128646
0 0.692593 0.822656 0.170370 0.084896
0 0.887500 0.817448 0.132407 0.067187
