0 0.287963 0.094010 0.242593 0.140104
0 0.525926 0.098437 0.174074 0.131250
0 0.671296 0.110677 0.105556 0.119271
0 0.782407 0.108594 0.142593 0.123438
0 0.906944 0.119271 0.117593 0.116667
0 0.916667 0.307552 0.164815 0.152604
0 0.764352 0.320312 0.175000 0.129167
0 0.639815 0.310937 0.129630 0.152083
0 0.494444 0.306250 0.194444 0.140625
0 0.344907 0.308854 0.149074 0.139583
0 0.171296 0.307292 0.205556 0.143750
0 0.176389 0.512760 0.143519 0.124479
0 0.316204 0.509896 0.150926 0.118750
0 0.404630 0.502604 0.107407 0.108333
0 0.561574 0.504687 0.137963 0.122917
0 0.686574 0.497656 0.136111 0.118229
0 0.795370 0.496354 0.109259 0.106250
0 0.911111 0.492969 0.118519 0.099479
0 0.864815 0.643750 0.168519 0.087500
0 0.793519 0.651563 0.116667 0.096875
0 0.695833 0.662760 0.139815 0.089063
0 0.593056 0.660156 0.150926 0.092188
0 0.500000 0.662240 0.133333 0.109896
0 0.421759 0.661198 0.160185 0.120313
0 0.318981 0.669531 0.110185 0.120313
0 0.202315 0.823698 0.139815 0.111979
0 0.202778 0.682552 0.172222 0.124479
0 0.511111 0.815885 0.209259 0.109896
0 0.731481 0.816406 0.179630 0.094271
0 0.846296 0.792188 0.155556 0.091667
0 0.942593 0.769010 0.112963 0.108854
