0 0.035185 0.140625 0.070370 0.160417
0 0.135648 0.133594 0.091667 0.114062
0 0.225463 0.146615 0.102778 0.169271
0 0.295833 0.138542 0.145370 0.168750
0 0.386574 0.141927 0.125000 0.159896
0 0.492593 0.147656 0.096296 0.150521
0 0.549074 0.151042 0.112963 0.165625
0 0.635648 0.146094 0.137963 0.161979
0 0.753241 0.150000 0.078704 0.135417
0 0.838426 0.148177 0.084259 0.131771
0 0.931019 0.142969 0.115741 0.147396
0 0.027778 0.392708 0.055556 0.141667
0 0.087037 0.395313 0.109259 0.140625
0 0.182407 0.393750 0.112963 0.147917
0 0.362037 0.394271 0.112963 0.142708
0 0.436111 0.402344 0.109259 0.146354
0 0.524074 0.406510 0.094444 0.148438
0 0.594907 0.403906 0.100926 0.145313
0 0.692130 0.412500 0.108333 0.138542
0 0.788889 0.414062 0.125926 0.157292
0 0.721759 0.316406 0.210185 0.047396
0 0.886111 0.419010 0.129630 0.164062
0 0.956019 0.416667 0.086111 0.146875
0 0.106944 0.595573 0.073148 0.071354
0 0.176852 0.597656 0.062963 0.075521
0 0.255556 0.599479 0.064815 0.069792
0 0.365278 0.603646 0.093519 0.065625
0 0.470833 0.606771 0.082407 0.078125
0 0.590741 0.607812 0.116667 0.069792
0 0.694907 0.617708 0.102778 0.069792
0 0.808796 0.617708 0.089815 0.069792
0 0.908796 0.621354 0.087963 0.064583
0 0.822222 0.828385 0.250000 0.164062
0 0.624537 0.815885 0.228704 0.148438
0 0.448611 0.801823 0.213889 0.144271
0 0.292130 0.807552 0.175000 0.125521
0 0.166204 0.810417 0.102778 0.111458
0 0.053241 0.804948 0.106481 0.108854
0 0.126852 0.950000 0.231481 0.098958
0 0.320370 0.956510 0.179630 0.085938
0 0.495370 0.960677 0.192593 0.077604
0 0.666667 0.961979 0.183333 0.075000
