0 0.164352 0.163021 0.219444 0.178125
0 0.353241 0.173698 0.182407 0.145313
0 0.551852 0.169792 0.238889 0.168750
0 0.690278 0.188021 0.208333 0.114583
0 0.856019 0.169271 0.086111 0.171875
0 0.941204 0.167708 0.113889 0.179167
0 0.082870 0.389323 0.132407 0.126562
0 0.229167 0.390625 0.202778 0.141667
0 0.352778 0.394271 0.168519 0.141667
0 0.524074 0.413021 0.188889 0.125000
0 0.679630 0.419010 0.155556 0.127604
0 0.844907 0.401042 0.097222 0.120833
0 0.923611 0.404687 0.093519 0.126042
0 0.954167 0.676562 0.089815 0.063542
0 0.882870 0.641146 0.108333 0.128125
0 0.813426 0.628125 0.095370 0.132292
0 0.633796 0.640885 0.199074 0.116146
0 0.502778 0.641406 0.174074 0.121354
0 0.363889 0.627865 0.138889 0.109896
0 0.250000 0.629427 0.140741 0.084896
0 0.161111 0.615365 0.161111 0.098437
0 0.059259 0.608854 0.114815 0.100000
0 0.519444 0.826562 0.142593 0.113542
0 0.637963 0.831771 0.125926 0.111458
0 0.801852 0.855208 0.144444 0.106250
0 0.942593 0.857031 0.112963 0.117188
0 0.383796 0.833594 0.152778 0.064062
0 0.276389 0.803385 0.156481 0.086979
0 0.129630 0.802344 0.118519 0.093229
0 0.046759 0.787760 0.075000 0.085938
0 0.056944 0.901302 0.069444 0.066146
0 0.199074 0.917448 0.101852 0.075521
0 0.454167 0.948958 0.091667 0.075000
0 0.537037 0.951823 0.114815 0.084896
