0 0.952778 0.064844 0.083333 0.129688
0 0.689352 0.071354 0.171296 0.142708
0 0.515278 0.065365 0.163889 0.130729
0 0.342593 0.071094 0.170370 0.142187
0 0.155556 0.076042 0.177778 0.123958
0 0.123611 0.286719 0.136111 0.125521
0 0.248611 0.285677 0.149074 0.127604
0 0.397685 0.277083 0.147222 0.132292
0 0.527778 0.278385 0.120370 0.126562
0 0.681481 0.283333 0.188889 0.114583
0 0.822685 0.284115 0.108333 0.100521
0 0.955093 0.263802 0.067593 0.101562
0 0.962037 0.464583 0.074074 0.119792
0 0.775926 0.480990 0.144444 0.092188
0 0.662037 0.486458 0.150000 0.108333
0 0.537500 0.493750 0.128704 0.107292
0 0.424074 0.492448 0.129630 0.085938
0 0.330093 0.496094 0.126852 0.089063
0 0.196296 0.508594 0.157407 0.092188
0 0.920370 0.635417 0.122222 0.096875
0 0.772685 0.643750 0.089815 0.072917
0 0.676852 0.648177 0.131481 0.085938
0 0.562963 0.664844 0.100000 0.048438
0 0.461111 0.650260 0.114815 0.082812
0 0.328241 0.651302 0.128704 0.101562
0 0.222222 0.661719 0.140741 0.095312
0 0.058333 0.669271 0.116667 0.100000
0 0.066667 0.785677 0.120370 0.079687
0 0.072685 0.839323 0.121296 0.070312
0 0.250000 0.768490 0.068519 0.059896
0 0.322685 0.803906 0.076852 0.041146
0 0.383333 0.759896 0.085185 0.064583
0 0.632870 0.762500 0.082407 0.063542
0 0.700926 0.751302 0.068519 0.064062
0 0.923611 0.763542 0.150926 0.132292
