0 0.256944 0.276302 0.147222 0.106771
0 0.377315 0.278125 0.147222 0.106250
0 0.144907 0.268229 0.112037 0.088542
0 0.931019 0.278125 0.136111 0.103125
0 0.739815 0.280469 0.138889 0.117188
0 0.383333 0.405469 0.120370 0.091146
0 0.284722 0.408594 0.160185 0.083854
0 0.744444 0.407813 0.146296 0.093750
0 0.869907 0.402344 0.121296 0.088021
0 0.843519 0.515104 0.148148 0.079167
0 0.754630 0.521875 0.100000 0.082292
0 0.379167 0.530990 0.150926 0.076563
0 0.252778 0.532292 0.127778 0.077083
0 0.154630 0.405208 0.129630 0.088542
0 0.408333 0.636979 0.114815 0.077083
0 0.301852 0.642448 0.118519 0.079687
0 0.203241 0.752083 0.089815 0.065625
0 0.428704 0.742969 0.120370 0.073438
0 0.708796 0.729688 0.097222 0.075000
0 0.783333 0.720833 0.081481 0.077083
0 0.866667 0.713542 0.122222 0.073958
0 0.428704 0.845052 0.135185 0.064062
