0 0.151852 0.142708 0.157407 0.091667
0 0.302778 0.143490 0.185185 0.120313
0 0.641204 0.165104 0.152778 0.053125
0 0.485648 0.162500 0.162037 0.057292
0 0.777778 0.167187 0.157407 0.045833
0 0.919907 0.333594 0.156481 0.128646
0 0.675000 0.327865 0.131481 0.133854
0 0.804630 0.322656 0.135185 0.124479
0 0.458796 0.328646 0.150926 0.116667
0 0.562037 0.327083 0.112963 0.111458
0 0.299074 0.326042 0.131481 0.101042
0 0.175463 0.325521 0.171296 0.122917
0 0.038889 0.332552 0.077778 0.120313
0 0.053241 0.515625 0.106481 0.102083
0 0.168519 0.506510 0.159259 0.098437
0 0.292130 0.503646 0.130556 0.110417
0 0.428241 0.502604 0.154630 0.104167
0 0.547222 0.503906 0.120370 0.113021
0 0.683796 0.500781 0.163889 0.114062
0 0.900000 0.501563 0.100000 0.097917
0 0.807870 0.497656 0.163889 0.108854
0 0.862037 0.647135 0.138889 0.118229
0 0.727778 0.645052 0.129630 0.114062
0 0.618981 0.655990 0.125000 0.110937
0 0.481481 0.649479 0.120370 0.088542
0 0.362963 0.653125 0.155556 0.083333
0 0.153241 0.661458 0.171296 0.104167
0 0.058796 0.661458 0.112037 0.111458
0 0.594444 0.775000 0.124074 0.087500
0 0.784722 0.784115 0.134259 0.054688
0 0.038889 0.332552 0.077778 0.120313
