0 0.304167 0.079167 0.276852 0.158333
0 0.620370 0.082552 0.235185 0.150521
0 0.920370 0.079167 0.157407 0.158333
0 0.216667 0.320052 0.222222 0.163021
0 0.400000 0.323437 0.166667 0.166667
0 0.564815 0.324219 0.201852 0.161979
0 0.741204 0.323437 0.173148 0.166667
0 0.900926 0.332813 0.192593 0.150000
0 0.202778 0.543750 0.138889 0.133333
0 0.341204 0.538802 0.150926 0.138021
0 0.483333 0.529948 0.120370 0.122396
0 0.791667 0.544271 0.122222 0.125000
0 0.654167 0.543750 0.147222 0.123958
0 0.929630 0.546875 0.138889 0.127083
0 0.234259 0.725000 0.162963 0.134375
0 0.345370 0.720052 0.120370 0.140104
0 0.557407 0.726562 0.142593 0.130208
0 0.457870 0.719271 0.134259 0.131250
0 0.692593 0.732552 0.135185 0.111979
0 0.810185 0.732292 0.112963 0.112500
0 0.906019 0.733073 0.132407 0.142187
0 0.850463 0.917708 0.212037 0.108333
0 0.585648 0.892448 0.213889 0.142187
0 0.251389 0.865885 0.162037 0.098437
