0 0.051852 0.128906 0.103704 0.127604
0 0.193056 0.131250 0.171296 0.132292
0 0.367593 0.136719 0.177778 0.136979
0 0.538889 0.150260 0.209259 0.151562
0 0.724074 0.153125 0.138889 0.120833
0 0.877315 0.146354 0.189815 0.139583
0 0.067593 0.363542 0.116667 0.127083
0 0.220370 0.358333 0.188889 0.133333
0 0.401389 0.360156 0.200926 0.140104
0 0.581944 0.372656 0.149074 0.089063
0 0.782870 0.359115 0.171296 0.120313
0 0.900926 0.356250 0.150000 0.120833
0 0.081481 0.544010 0.161111 0.114062
0 0.226852 0.548177 0.129630 0.109896
0 0.431944 0.539323 0.126852 0.113021
0 0.552778 0.537500 0.172222 0.118750
0 0.838426 0.534375 0.156481 0.117708
0 0.710648 0.540365 0.167593 0.110937
0 0.046296 0.715104 0.092593 0.129167
0 0.179167 0.717187 0.141667 0.117708
0 0.313426 0.718750 0.149074 0.110417
0 0.457407 0.716406 0.120370 0.115104
0 0.575000 0.711198 0.122222 0.117188
0 0.699537 0.706771 0.150926 0.112500
0 0.836111 0.706771 0.133333 0.104167
0 0.051389 0.878906 0.102778 0.139063
0 0.228241 0.837500 0.093519 0.068750
0 0.336574 0.869531 0.123148 0.115104
0 0.421759 0.870052 0.099074 0.101562
0 0.526852 0.858594 0.159259 0.120313
0 0.700000 0.853125 0.124074 0.119792
0 0.827778 0.853125 0.127778 0.115625
