0 0.200463 0.089063 0.241667 0.153125
0 0.350463 0.096354 0.171296 0.145833
0 0.519444 0.090885 0.200000 0.156771
0 0.693981 0.097917 0.197222 0.150000
0 0.892593 0.097135 0.203704 0.153646
0 0.157407 0.326302 0.201852 0.170313
0 0.342130 0.330729 0.152778 0.171875
0 0.501852 0.341667 0.174074 0.160417
0 0.686574 0.333073 0.230556 0.183854
0 0.861574 0.340104 0.163889 0.163542
0 0.803704 0.560156 0.122222 0.138021
0 0.660648 0.559896 0.154630 0.127083
0 0.523611 0.561719 0.152778 0.132812
0 0.399074 0.557813 0.175926 0.133333
0 0.275463 0.549740 0.169444 0.128646
0 0.117593 0.530990 0.137037 0.120313
0 0.090278 0.723177 0.150926 0.139063
0 0.201389 0.724219 0.132407 0.141146
0 0.306481 0.728906 0.164815 0.135937
0 0.437037 0.730990 0.107407 0.123438
0 0.537500 0.730990 0.139815 0.138021
0 0.832407 0.727604 0.235185 0.125000
0 0.651852 0.733594 0.198148 0.122396
0 0.237500 0.888542 0.245370 0.142708
0 0.494444 0.920052 0.192593 0.103646
0 0.656481 0.897396 0.159259 0.134375
0 0.781019 0.891406 0.158333 0.123438
