0 0.929630 0.167448 0.138889 0.111979
0 0.799074 0.166667 0.109259 0.104167
0 0.700926 0.159635 0.146296 0.107813
0 0.571296 0.148958 0.122222 0.118750
0 0.441667 0.142708 0.181481 0.138542
0 0.280556 0.138021 0.175926 0.147917
0 0.124537 0.130208 0.175000 0.140625
0 0.155556 0.339844 0.140741 0.134896
0 0.294907 0.348438 0.119444 0.105208
0 0.446759 0.347917 0.163889 0.123958
0 0.577778 0.343229 0.140741 0.121875
0 0.861111 0.345313 0.133333 0.117708
0 0.953704 0.339583 0.077778 0.102083
0 0.802778 0.495052 0.125926 0.090104
0 0.890741 0.485677 0.112963 0.095312
0 0.694444 0.502083 0.103704 0.093750
0 0.434259 0.514062 0.148148 0.092708
0 0.175000 0.531771 0.146296 0.110417
0 0.310185 0.526563 0.155556 0.100000
0 0.249074 0.681250 0.150000 0.114583
0 0.375000 0.685417 0.120370 0.110417
0 0.501852 0.667708 0.133333 0.105208
0 0.591667 0.656510 0.114815 0.086979
0 0.683333 0.648177 0.088889 0.100521
0 0.787037 0.633854 0.125926 0.100000
0 0.884722 0.628125 0.102778 0.088542
0 0.862963 0.750260 0.103704 0.085938
0 0.768056 0.758333 0.128704 0.097917
0 0.648611 0.778385 0.141667 0.103646
0 0.558796 0.794271 0.117593 0.100000
0 0.497685 0.807552 0.137963 0.097396
0 0.211111 0.844010 0.168519 0.129688
