0 0.244444 0.107552 0.198148 0.133854
0 0.389352 0.118750 0.137963 0.117708
0 0.520370 0.112760 0.177778 0.142187
0 0.643981 0.122917 0.125000 0.122917
0 0.785185 0.122917 0.174074 0.119792
0 0.818981 0.311458 0.106481 0.130208
0 0.681019 0.304167 0.206481 0.143750
0 0.522685 0.321094 0.193519 0.127604
0 0.389815 0.320312 0.151852 0.144792
0 0.238426 0.320052 0.213889 0.141146
0 0.088889 0.319010 0.177778 0.141146
0 0.948611 0.332292 0.091667 0.079167
0 0.945370 0.471094 0.107407 0.125521
0 0.776389 0.495833 0.100926 0.107292
0 0.685185 0.496354 0.122222 0.104167
0 0.564815 0.509115 0.129630 0.115104
0 0.450463 0.510156 0.149074 0.117188
0 0.341204 0.517708 0.147222 0.116667
0 0.178241 0.515625 0.130556 0.104167
0 0.069444 0.524479 0.138889 0.121875
0 0.176852 0.689323 0.124074 0.121354
0 0.279167 0.685677 0.117593 0.110937
0 0.380556 0.680990 0.120370 0.110937
0 0.492593 0.673438 0.122222 0.106250
0 0.586111 0.667969 0.087037 0.093229
0 0.676852 0.654167 0.098148 0.108333
0 0.829630 0.639583 0.174074 0.107292
0 0.926389 0.619271 0.145370 0.113542
0 0.922685 0.769531 0.115741 0.109896
0 0.782870 0.780729 0.125000 0.110417
0 0.672222 0.803125 0.125926 0.108333
0 0.556944 0.832031 0.186111 0.104688
0 0.322685 0.836198 0.200926 0.125521
