0 0.074537 0.120313 0.149074 0.168750
0 0.187963 0.133854 0.142593 0.145833
0 0.393056 0.133073 0.221296 0.147396
0 0.531019 0.137760 0.163889 0.131771
0 0.719907 0.153906 0.145370 0.105729
0 0.876389 0.149219 0.173148 0.128646
0 0.879167 0.341667 0.169444 0.106250
0 0.687037 0.368490 0.166667 0.069271
0 0.537500 0.360417 0.143519 0.107292
0 0.206019 0.367969 0.208333 0.104688
0 0.386574 0.367448 0.165741 0.121354
0 0.194907 0.289062 0.176852 0.085417
0 0.067593 0.374479 0.135185 0.101042
0 0.099074 0.540104 0.198148 0.148958
0 0.240278 0.538021 0.182407 0.165625
0 0.370370 0.523958 0.140741 0.136458
0 0.506481 0.516406 0.120370 0.139063
0 0.629167 0.513802 0.150926 0.130729
0 0.727315 0.508594 0.095370 0.134896
0 0.929630 0.507552 0.122222 0.104688
0 0.826852 0.512760 0.103704 0.103646
0 0.899537 0.639062 0.130556 0.112500
0 0.776389 0.649740 0.130556 0.115104
0 0.658796 0.668750 0.145370 0.109375
0 0.380093 0.713542 0.171296 0.101042
0 0.255093 0.727865 0.150926 0.106771
0 0.100000 0.714844 0.170370 0.146354
0 0.103241 0.889323 0.152778 0.147396
0 0.217130 0.861979 0.123148 0.143750
0 0.361111 0.839844 0.187037 0.125521
0 0.594444 0.824740 0.162963 0.142187
0 0.689352 0.813542 0.106481 0.109375
0 0.822685 0.777865 0.099074 0.100521
0 0.911574 0.771615 0.128704 0.093229
