0 0.043981 0.080469 0.087963 0.160938
0 0.124074 0.079948 0.092593 0.156771
0 0.207407 0.085156 0.112963 0.170313
0 0.304630 0.087760 0.077778 0.152604
0 0.443056 0.092188 0.087963 0.138542
0 0.501389 0.097135 0.100926 0.148438
0 0.598148 0.097135 0.088889 0.156771
0 0.670370 0.094010 0.053704 0.142187
0 0.704630 0.110156 0.046296 0.144271
0 0.758796 0.103646 0.078704 0.133333
0 0.848611 0.081771 0.078704 0.095833
0 0.899537 0.111979 0.041667 0.121875
0 0.938426 0.118229 0.067593 0.134375
0 0.023611 0.309375 0.047222 0.100000
0 0.075463 0.314583 0.071296 0.114583
0 0.150926 0.315365 0.079630 0.114062
0 0.239815 0.310937 0.085185 0.101042
0 0.322685 0.326302 0.084259 0.139063
0 0.402778 0.328646 0.087037 0.138542
0 0.481944 0.331250 0.086111 0.143750
0 0.567130 0.322917 0.052778 0.133333
0 0.627315 0.323958 0.082407 0.131250
0 0.699074 0.325260 0.075926 0.130729
0 0.770370 0.327083 0.074074 0.127083
0 0.836111 0.321615 0.064815 0.116146
0 0.809722 0.241667 0.210185 0.035417
0 0.884722 0.325000 0.086111 0.127083
0 0.949074 0.319010 0.072222 0.131771
0 0.939352 0.485938 0.065741 0.062500
0 0.859259 0.490885 0.072222 0.065104
0 0.795370 0.497396 0.048148 0.059375
0 0.712500 0.497396 0.095370 0.063542
0 0.619907 0.502865 0.069444 0.058854
0 0.530556 0.509635 0.064815 0.066146
0 0.464815 0.510677 0.074074 0.059896
0 0.405093 0.513281 0.087963 0.054688
0 0.333333 0.558073 0.077778 0.059896
0 0.256481 0.558333 0.070370 0.059375
0 0.177315 0.574219 0.091667 0.077604
0 0.092593 0.550000 0.085185 0.138542
0 0.029630 0.540365 0.059259 0.129688
0 0.073611 0.739844 0.143519 0.114062
0 0.209259 0.731250 0.168519 0.101042
0 0.341667 0.709115 0.125926 0.109896
0 0.434259 0.713281 0.138889 0.110937
0 0.525000 0.694010 0.122222 0.121354
0 0.644444 0.670573 0.142593 0.142187
0 0.799074 0.655990 0.131481 0.130729
0 0.938889 0.645052 0.120370 0.122396
0 0.938889 0.783594 0.120370 0.094271
0 0.807870 0.809635 0.152778 0.122396
0 0.686574 0.819271 0.143519 0.119792
0 0.546759 0.831510 0.158333 0.117188
0 0.370370 0.848958 0.192593 0.114583
0 0.128241 0.884115 0.200926 0.140104
