0 0.401852 0.161719 0.227778 0.163021
0 0.584259 0.183594 0.192593 0.145313
0 0.794444 0.172656 0.238889 0.165104
0 0.931019 0.195312 0.136111 0.119792
0 0.268519 0.173437 0.131481 0.129167
0 0.180093 0.390625 0.154630 0.145833
0 0.295833 0.399479 0.134259 0.132292
0 0.438426 0.396094 0.162037 0.142187
0 0.570833 0.403646 0.167593 0.140625
0 0.750463 0.419010 0.199074 0.127604
0 0.911574 0.428646 0.165741 0.121875
0 0.855093 0.651823 0.173148 0.128646
0 0.726389 0.644531 0.254630 0.125521
0 0.565741 0.634896 0.127778 0.110417
0 0.457870 0.639583 0.156481 0.094792
0 0.353241 0.623437 0.149074 0.092708
0 0.235648 0.615365 0.195370 0.093229
0 0.048148 0.784896 0.096296 0.097917
0 0.205093 0.801823 0.147222 0.094271
0 0.330093 0.805990 0.137963 0.088021
0 0.466204 0.821875 0.156481 0.100000
0 0.592593 0.842708 0.135185 0.060417
0 0.720370 0.836719 0.129630 0.099479
0 0.845833 0.847396 0.137963 0.107292
0 0.746296 0.962500 0.081481 0.073958
0 0.649074 0.958594 0.092593 0.073438
0 0.377778 0.929167 0.101852 0.080208
0 0.227778 0.911458 0.083333 0.066667
0 0.061111 0.905990 0.122222 0.081771
0 0.064815 0.963021 0.129630 0.072917
0 0.302778 0.955990 0.085185 0.058854
