0 0.632870 0.121875 0.284259 0.157292
0 0.898148 0.130729 0.196296 0.144792
0 0.493981 0.350260 0.182407 0.151562
0 0.668981 0.352604 0.156481 0.156250
0 0.851389 0.353906 0.206481 0.158854
0 0.474537 0.565365 0.149074 0.138021
0 0.598148 0.564323 0.135185 0.138021
0 0.904167 0.574219 0.139815 0.126562
0 0.718981 0.559896 0.113889 0.129167
0 0.091204 0.559375 0.182407 0.126042
0 0.236574 0.560417 0.199074 0.139583
0 0.121759 0.735156 0.167593 0.134896
0 0.282870 0.739583 0.147222 0.132292
0 0.459722 0.745573 0.156481 0.133854
0 0.683333 0.746615 0.109259 0.131771
0 0.796296 0.753385 0.120370 0.129688
0 0.921296 0.765625 0.153704 0.090625
0 0.029167 0.885417 0.058333 0.117708
0 0.208333 0.895312 0.157407 0.055208
0 0.455093 0.882812 0.150926 0.097917
0 0.798611 0.909896 0.237963 0.141667
0 0.149537 0.350521 0.150926 0.143750
