0 0.512500 0.140104 0.239815 0.138542
0 0.148611 0.139323 0.206481 0.145313
0 0.742130 0.166146 0.219444 0.073958
0 0.904167 0.173958 0.189815 0.072917
0 0.349537 0.140365 0.173148 0.121354
0 0.166667 0.349740 0.168519 0.133854
0 0.337963 0.347396 0.188889 0.134375
0 0.486111 0.356771 0.146296 0.136458
0 0.673611 0.357292 0.189815 0.133333
0 0.786111 0.357031 0.187037 0.135937
0 0.923611 0.359115 0.150926 0.144271
0 0.178704 0.554948 0.181481 0.132812
0 0.326389 0.558333 0.169444 0.101042
0 0.469907 0.555208 0.154630 0.126042
0 0.618056 0.554167 0.171296 0.128125
0 0.768981 0.558854 0.115741 0.118750
0 0.911111 0.558594 0.175926 0.134896
0 0.936574 0.731510 0.125000 0.134896
0 0.808796 0.729948 0.163889 0.131771
0 0.670833 0.718490 0.141667 0.104688
0 0.540741 0.713021 0.183333 0.106250
0 0.438426 0.683333 0.119444 0.072917
0 0.298148 0.719792 0.192593 0.128125
0 0.181944 0.724479 0.156481 0.108333
0 0.102778 0.861979 0.205556 0.109375
0 0.780093 0.870052 0.141667 0.091146
