0 0.061111 0.121875 0.079630 0.182292
0 0.127778 0.122396 0.100000 0.177083
0 0.216667 0.125781 0.127778 0.181771
0 0.309259 0.128385 0.111111 0.176563
0 0.434259 0.130208 0.127778 0.172917
0 0.532870 0.131510 0.099074 0.114062
0 0.671296 0.140625 0.109259 0.183333
0 0.758796 0.134375 0.158333 0.175000
0 0.848611 0.139063 0.136111 0.186458
0 0.943981 0.151042 0.110185 0.160417
0 0.957870 0.422135 0.082407 0.151562
0 0.869907 0.421615 0.143519 0.156771
0 0.778241 0.420573 0.108333 0.158854
0 0.583333 0.410677 0.120370 0.152604
0 0.484259 0.407813 0.124074 0.135417
0 0.418056 0.402865 0.099074 0.147396
0 0.310185 0.387760 0.101852 0.133854
0 0.234722 0.377083 0.102778 0.130208
0 0.085648 0.372656 0.091667 0.129688
0 0.168056 0.372135 0.095370 0.122396
0 0.138889 0.611458 0.085185 0.135417
0 0.099537 0.599740 0.087963 0.150521
0 0.209722 0.650781 0.076852 0.080729
0 0.294907 0.650521 0.100926 0.072917
0 0.371296 0.656250 0.098148 0.078125
0 0.474537 0.618229 0.082407 0.079167
0 0.555556 0.623437 0.083333 0.070833
0 0.625463 0.627604 0.104630 0.066667
0 0.748611 0.636458 0.102778 0.079167
0 0.867130 0.644271 0.112037 0.084375
0 0.778704 0.846094 0.200000 0.169271
0 0.631019 0.856250 0.162037 0.138542
0 0.487500 0.851823 0.147222 0.127604
0 0.390278 0.835677 0.132407 0.095312
0 0.239815 0.825260 0.185185 0.122396
0 0.099537 0.820573 0.149074 0.125521
