0 0.099074 0.131250 0.198148 0.130208
0 0.306481 0.169792 0.224074 0.095833
0 0.512963 0.170052 0.224074 0.091146
0 0.694907 0.173177 0.252778 0.080729
0 0.136574 0.365885 0.152778 0.136979
0 0.448148 0.371094 0.144444 0.142187
0 0.301852 0.373698 0.177778 0.157812
0 0.568981 0.366667 0.197222 0.154167
0 0.753241 0.371875 0.162037 0.171875
0 0.898611 0.370573 0.200926 0.155729
0 0.129167 0.572135 0.156481 0.147396
0 0.284722 0.573698 0.158333 0.133854
0 0.422685 0.577865 0.143519 0.144271
0 0.611574 0.585938 0.173148 0.147917
0 0.755093 0.590625 0.125000 0.151042
0 0.254167 0.746094 0.212037 0.115104
0 0.903241 0.592448 0.163889 0.147396
0 0.377315 0.759115 0.162037 0.111979
0 0.504630 0.770833 0.175926 0.137500
0 0.672222 0.769010 0.192593 0.144271
0 0.498611 0.922135 0.165741 0.109896
0 0.830556 0.780469 0.192593 0.139063
0 0.743519 0.943490 0.170370 0.065104
