0 0.946297 0.122223 0.107407 0.141667
0 0.749383 0.157987 0.222223 0.092361
0 0.550000 0.147223 0.191359 0.143056
0 0.123457 0.157292 0.246914 0.139584
0 0.348765 0.156597 0.220988 0.161805
0 0.105555 0.054514 0.211111 0.109027
0 0.153704 0.384028 0.243209 0.220833
0 0.327160 0.365277 0.187655 0.181944
0 0.508641 0.355208 0.160493 0.185417
0 0.672223 0.351736 0.201235 0.174305
0 0.803087 0.344792 0.127160 0.179861
0 0.933333 0.350347 0.133333 0.138195
0 0.868519 0.532987 0.174075 0.153472
0 0.711728 0.558333 0.193827 0.145833
0 0.340124 0.618056 0.228395 0.134723
0 0.173457 0.637153 0.201235 0.142361
0 0.122840 0.815972 0.164197 0.191667
0 0.314815 0.786459 0.249383 0.167361
0 0.625925 0.766320 0.217284 0.189583
0 0.752469 0.751389 0.141975 0.145833
0 0.930247 0.703820 0.132099 0.134028
