0 0.202469 0.190277 0.209876 0.122223
0 0.403704 0.191320 0.246913 0.160417
0 0.854939 0.220139 0.203704 0.070833
0 0.647531 0.216667 0.216049 0.076389
0 0.900000 0.437153 0.175308 0.178472
0 0.611728 0.438195 0.201235 0.155556
0 0.749383 0.436111 0.150617 0.148611
0 0.398765 0.434723 0.175308 0.134723
0 0.233951 0.434028 0.228395 0.163889
0 0.051852 0.443403 0.103704 0.160417
0 0.070988 0.687500 0.141975 0.136111
0 0.224692 0.675347 0.212345 0.131249
0 0.389507 0.671528 0.174075 0.147223
0 0.570988 0.670139 0.206173 0.138889
0 0.729629 0.671875 0.160493 0.150695
0 0.901234 0.667708 0.197531 0.152083
0 0.941975 0.860069 0.116049 0.152083
0 0.825308 0.874653 0.166667 0.147916
0 0.641975 0.865972 0.160493 0.118056
0 0.483951 0.870833 0.207408 0.111111
0 0.204321 0.881944 0.228395 0.138889
0 0.078395 0.881944 0.149383 0.148611
0 0.051852 0.443403 0.103704 0.160417
