0 0.046913 0.187500 0.093827 0.213889
0 0.180864 0.178125 0.122223 0.152083
0 0.300617 0.195487 0.137037 0.225695
0 0.394444 0.184723 0.193827 0.225000
0 0.515432 0.189236 0.166667 0.213195
0 0.656791 0.196875 0.128395 0.200695
0 0.732099 0.201389 0.150617 0.220833
0 0.847531 0.194792 0.183951 0.215972
0 0.975926 0.200000 0.048148 0.180556
0 0.037037 0.523611 0.074075 0.188889
0 0.116049 0.527084 0.145679 0.187500
0 0.243209 0.525000 0.150617 0.197223
0 0.482716 0.525695 0.150617 0.190277
0 0.581481 0.536459 0.145679 0.195139
0 0.698765 0.542013 0.125925 0.197917
0 0.793209 0.538541 0.134568 0.193751
0 0.922840 0.550000 0.144444 0.184723
0 0.911111 0.421875 0.177778 0.063195
0 0.142592 0.794097 0.097531 0.095139
0 0.235803 0.796875 0.083951 0.100695
0 0.340741 0.799305 0.086420 0.093056
0 0.487037 0.804861 0.124692 0.087500
0 0.627777 0.809028 0.109876 0.104167
0 0.787655 0.810416 0.155556 0.093056
0 0.926543 0.823611 0.137037 0.093056
