0 0.350000 0.186805 0.319753 0.184723
0 0.656173 0.221528 0.292592 0.098611
0 0.872223 0.231944 0.253087 0.097223
0 0.132716 0.187153 0.230864 0.161805
0 0.121605 0.463195 0.243210 0.179167
0 0.314815 0.475695 0.195061 0.181944
0 0.564815 0.476389 0.253087 0.177777
0 0.714815 0.476041 0.249383 0.181249
0 0.898148 0.478820 0.201235 0.192361
0 0.107407 0.744444 0.214815 0.134723
0 0.293209 0.740277 0.206173 0.168056
0 0.490741 0.738889 0.228395 0.170833
0 0.691975 0.745139 0.154321 0.158333
0 0.881481 0.744792 0.234568 0.179861
0 0.915432 0.942708 0.166667 0.114584
0 0.745061 0.942708 0.218519 0.114583
0 0.561111 0.944097 0.188889 0.111805
0 0.387655 0.939931 0.244444 0.120139
0 0.251235 0.911111 0.159259 0.097223
0 0.096296 0.937153 0.192593 0.125694
