0 0.102623 0.142795 0.205247 0.212673
0 0.329475 0.128472 0.245370 0.220487
0 0.546297 0.130642 0.200617 0.210937
0 0.802468 0.138888 0.314815 0.190972
0 0.919753 0.468317 0.160493 0.153647
0 0.770062 0.477430 0.250000 0.180555
0 0.562500 0.489583 0.214507 0.178820
0 0.373457 0.487413 0.216050 0.143230
0 0.216822 0.493490 0.211420 0.148438
0 0.062500 0.514323 0.124999 0.153647
0 0.939815 0.739583 0.120371 0.121528
0 0.794753 0.746962 0.219135 0.143230
0 0.604938 0.774740 0.166667 0.080730
0 0.435185 0.750433 0.191358 0.138020
0 0.213735 0.752170 0.214507 0.169270
0 0.077160 0.769532 0.154321 0.158853
0 0.083333 0.947483 0.114198 0.099827
0 0.305555 0.933160 0.141975 0.107638
0 0.721450 0.937500 0.137345 0.105903
0 0.834877 0.918837 0.114198 0.106770
