0 0.758641 0.084375 0.141975 0.168749
0 0.574692 0.084028 0.275308 0.168056
0 0.363580 0.094792 0.258025 0.170139
0 0.186420 0.095139 0.202469 0.190277
0 0.931481 0.109723 0.122223 0.105556
0 0.927160 0.294792 0.143209 0.167361
0 0.701852 0.327777 0.134568 0.143056
0 0.580247 0.328472 0.162963 0.138889
0 0.419753 0.345487 0.172840 0.153472
0 0.267284 0.346875 0.198765 0.156251
0 0.121605 0.356944 0.196296 0.155556
0 0.058642 0.580903 0.117285 0.147916
0 0.174075 0.574653 0.160493 0.147916
0 0.323457 0.564584 0.162963 0.141667
0 0.448148 0.557292 0.116049 0.124305
0 0.569136 0.538889 0.130864 0.144444
0 0.772840 0.519444 0.232099 0.143056
0 0.901852 0.492361 0.193827 0.151389
0 0.896913 0.692708 0.154321 0.146528
0 0.710493 0.707639 0.166667 0.147223
0 0.562963 0.737500 0.167901 0.144444
0 0.409259 0.776041 0.248148 0.139584
0 0.115432 0.781597 0.230864 0.167361
