0 0.170988 0.057292 0.228395 0.114583
0 0.396296 0.053125 0.241975 0.106250
0 0.551235 0.057292 0.196296 0.114584
0 0.740741 0.052431 0.219753 0.104861
0 0.913580 0.051041 0.167901 0.102083
0 0.085185 0.282292 0.170370 0.128472
0 0.432099 0.278820 0.244444 0.161805
0 0.727160 0.284723 0.165432 0.161111
0 0.906791 0.286459 0.183951 0.152083
0 0.081482 0.499305 0.162963 0.184723
0 0.201235 0.503820 0.158025 0.159028
0 0.350000 0.517361 0.176543 0.143056
0 0.499383 0.517361 0.188889 0.140277
0 0.699383 0.521528 0.211111 0.140277
0 0.883333 0.522223 0.218519 0.147223
0 0.102469 0.705903 0.204938 0.153472
0 0.311111 0.705556 0.167901 0.168056
0 0.793209 0.717013 0.223457 0.145139
0 0.491359 0.703125 0.158025 0.163195
0 0.922223 0.729861 0.153087 0.144444
0 0.096914 0.911111 0.193828 0.162500
0 0.215432 0.893403 0.129629 0.161805
0 0.460493 0.890277 0.167901 0.144444
0 0.701852 0.917361 0.211111 0.165278
0 0.915432 0.881249 0.149383 0.088889
