0 0.073302 0.134115 0.146604 0.268230
0 0.206790 0.133247 0.154322 0.261285
0 0.345678 0.141927 0.188272 0.283854
0 0.507717 0.146267 0.129630 0.254340
0 0.738427 0.153647 0.146605 0.230903
0 0.835648 0.161892 0.168210 0.247397
0 0.961420 0.161892 0.077161 0.261285
0 0.039352 0.515625 0.078703 0.166667
0 0.125772 0.524305 0.118827 0.190972
0 0.251543 0.525608 0.132717 0.190103
0 0.399692 0.518228 0.141975 0.168403
0 0.537808 0.543837 0.140432 0.231772
0 0.671297 0.547743 0.145062 0.230903
0 0.803240 0.552083 0.143518 0.239583
0 0.945217 0.538195 0.087963 0.222222
0 0.884260 0.849392 0.108025 0.110243
0 0.774692 0.851128 0.123457 0.099827
0 0.675155 0.855468 0.146605 0.091147
0 0.555555 0.930122 0.129630 0.099827
0 0.427468 0.930555 0.117283 0.098958
0 0.295525 0.946181 0.152778 0.107638
0 0.154322 0.900608 0.141975 0.198785
0 0.049383 0.896267 0.098765 0.207465
