0 0.342592 0.201736 0.196296 0.142361
0 0.503087 0.204167 0.196296 0.141667
0 0.193209 0.190972 0.149383 0.118056
0 0.946914 0.207292 0.106173 0.156251
0 0.511111 0.373959 0.160493 0.121528
0 0.379629 0.378125 0.213580 0.111805
0 0.947531 0.377084 0.104939 0.125000
0 0.969753 0.529167 0.060493 0.109723
0 0.505556 0.541320 0.201235 0.102084
0 0.337037 0.543056 0.170371 0.102777
0 0.206173 0.373611 0.172840 0.118056
0 0.544444 0.682639 0.153087 0.102777
0 0.402469 0.689931 0.158025 0.106249
0 0.270988 0.836111 0.119753 0.087500
0 0.571605 0.823959 0.160493 0.097917
0 0.940123 0.806251 0.119753 0.100000
0 0.571605 0.958681 0.180247 0.082639
