0 0.159722 0.054687 0.223765 0.109375
0 0.397377 0.055990 0.270062 0.111979
0 0.618055 0.061632 0.279322 0.123264
0 0.875772 0.069010 0.248457 0.138020
0 0.832562 0.407552 0.334877 0.209202
0 0.609568 0.391493 0.212963 0.184028
0 0.429783 0.399305 0.260802 0.157987
0 0.255402 0.372395 0.248457 0.154513
0 0.111111 0.358942 0.222222 0.155382
0 0.065587 0.669705 0.131173 0.157118
0 0.216822 0.676650 0.229938 0.146702
0 0.443673 0.703125 0.260802 0.166667
0 0.654322 0.737847 0.225308 0.100695
0 0.867283 0.727865 0.216050 0.165798
0 0.910493 0.937500 0.135802 0.123263
0 0.748457 0.930990 0.154322 0.122397
0 0.296297 0.881945 0.169753 0.133680
0 0.057870 0.852430 0.115741 0.111112
0 0.171297 0.926650 0.141975 0.098090
