0 0.656173 0.088541 0.381481 0.177083
0 0.282716 0.088195 0.204939 0.176389
0 0.106173 0.077084 0.212345 0.154167
0 0.083951 0.401041 0.167901 0.207639
0 0.379629 0.397917 0.292592 0.222223
0 0.824692 0.419792 0.274075 0.213195
0 0.910494 0.682987 0.179012 0.168749
0 0.757408 0.690625 0.253087 0.175695
0 0.559259 0.691667 0.301235 0.186111
0 0.356791 0.711805 0.239507 0.176389
0 0.134568 0.711111 0.224692 0.169444
0 0.090124 0.942709 0.180247 0.114583
0 0.249383 0.942014 0.254321 0.115972
0 0.580864 0.920139 0.213580 0.145833
0 0.770371 0.919444 0.180247 0.125000
0 0.941975 0.922917 0.116049 0.154167
