0 0.677160 0.050347 0.379012 0.100695
0 0.491975 0.300347 0.243209 0.202083
0 0.725308 0.303472 0.208641 0.208333
0 0.915432 0.305208 0.169135 0.211805
0 0.466049 0.587153 0.198765 0.184028
0 0.630864 0.585764 0.180247 0.184028
0 0.791975 0.579861 0.151852 0.172223
0 0.148765 0.580556 0.265432 0.186111
0 0.053704 0.813541 0.107407 0.179861
0 0.210493 0.819444 0.196296 0.176389
0 0.446296 0.827431 0.208641 0.178472
0 0.744444 0.828820 0.145679 0.175695
0 0.895061 0.837847 0.160493 0.172917
0 0.066667 0.300695 0.133333 0.191667
