0 0.137655 0.080903 0.243209 0.161806
0 0.402469 0.086111 0.318519 0.172223
0 0.587037 0.084028 0.277777 0.152777
0 0.808025 0.086806 0.114815 0.173611
0 0.921605 0.088194 0.151852 0.176389
0 0.137037 0.359028 0.224692 0.188889
0 0.365432 0.384028 0.251852 0.166667
0 0.572840 0.392013 0.207408 0.170139
0 0.793209 0.368056 0.129629 0.161111
0 0.898148 0.372916 0.124692 0.168056
0 0.938889 0.735416 0.119753 0.084723
0 0.843827 0.688195 0.144444 0.170833
0 0.751235 0.670833 0.127160 0.176389
0 0.511728 0.687847 0.265432 0.154861
0 0.337037 0.688541 0.232099 0.161805
0 0.151852 0.670487 0.185185 0.146528
0 0.046914 0.672569 0.093827 0.113195
0 0.359259 0.929861 0.190124 0.140279
0 0.517284 0.934028 0.167901 0.131944
0 0.735803 0.951389 0.192592 0.097223
0 0.923457 0.948958 0.150617 0.102084
0 0.178395 0.944792 0.203704 0.085416
0 0.069753 0.904513 0.139506 0.115972
