0 0.128395 0.105556 0.256791 0.211111
0 0.493827 0.110069 0.313580 0.200695
0 0.893827 0.105556 0.209876 0.211111
0 0.200000 0.431249 0.222223 0.222223
0 0.419753 0.432292 0.269136 0.215972
0 0.654939 0.431249 0.230864 0.222223
0 0.867901 0.443751 0.256791 0.200000
0 0.121605 0.718403 0.201235 0.184028
0 0.311111 0.706597 0.160493 0.163195
0 0.722223 0.725695 0.162963 0.166667
0 0.538889 0.725000 0.196296 0.165277
0 0.906173 0.729167 0.185185 0.169444
0 0.127160 0.933333 0.160493 0.133333
0 0.409876 0.940972 0.190124 0.118056
0 0.277160 0.935764 0.179012 0.128472
0 0.590124 0.951042 0.180247 0.097917
0 0.746913 0.950695 0.150617 0.098611
0 0.874692 0.941320 0.176543 0.117361
