0 0.053703 0.368403 0.107407 0.142361
0 0.169753 0.370833 0.196296 0.141667
0 0.908025 0.370833 0.181481 0.137500
0 0.653087 0.373959 0.185185 0.156251
0 0.177777 0.540625 0.160493 0.121528
0 0.076543 0.544792 0.153086 0.111805
0 0.659259 0.543751 0.195061 0.125000
0 0.826543 0.536459 0.161728 0.117361
0 0.791359 0.686805 0.197531 0.105556
0 0.672840 0.695833 0.133333 0.109723
0 0.172223 0.707987 0.201235 0.102084
0 0.044445 0.709723 0.088889 0.102777
0 0.211111 0.849305 0.153087 0.102777
0 0.074074 0.856597 0.148149 0.106249
0 0.238272 0.970833 0.160493 0.058333
0 0.611728 0.961459 0.129629 0.077083
0 0.711111 0.954861 0.108641 0.090278
0 0.822223 0.951042 0.162963 0.097916
