0 0.884260 0.182725 0.108025 0.110243
0 0.774692 0.184462 0.123457 0.099827
0 0.675155 0.188802 0.146605 0.091147
0 0.555555 0.263455 0.129630 0.099827
0 0.427468 0.263888 0.117283 0.098958
0 0.295525 0.290365 0.152778 0.129340
0 0.154322 0.250000 0.141975 0.230903
0 0.049383 0.233942 0.098765 0.216147
0 0.122685 0.566407 0.239198 0.190103
0 0.348765 0.552083 0.280865 0.168403
0 0.569445 0.515192 0.209877 0.183160
0 0.723765 0.522135 0.231482 0.184895
0 0.875000 0.490017 0.203703 0.202257
0 0.889660 0.719183 0.220679 0.195313
0 0.617283 0.748263 0.320988 0.190972
0 0.213735 0.806858 0.334877 0.233507
