0 0.200617 0.139236 0.300000 0.247917
0 0.434568 0.156944 0.244444 0.218056
0 0.735803 0.133680 0.367901 0.228472
0 0.158025 0.390972 0.192592 0.115277
0 0.185185 0.497916 0.197531 0.109723
0 0.394444 0.479513 0.260493 0.154861
0 0.422223 0.363541 0.251852 0.113195
0 0.682099 0.476041 0.300000 0.177083
0 0.888889 0.475000 0.219753 0.204167
0 0.164197 0.725000 0.227160 0.227777
0 0.395061 0.728472 0.254321 0.227777
0 0.603087 0.729861 0.235803 0.209723
0 0.804939 0.730208 0.271605 0.206251
0 0.380247 0.956945 0.204939 0.086111
0 0.181481 0.925694 0.256791 0.148611
0 0.563580 0.961458 0.235803 0.077083
