0 0.861112 0.179253 0.274692 0.254340
0 0.607253 0.200520 0.291667 0.215278
0 0.399692 0.184895 0.216050 0.253472
0 0.159722 0.177083 0.319443 0.234375
0 0.048611 0.504340 0.097223 0.180555
0 0.269290 0.507812 0.229938 0.204862
0 0.477623 0.496093 0.226852 0.197048
0 0.658950 0.493923 0.182098 0.177083
0 0.851852 0.488282 0.197532 0.165798
0 0.774692 0.739583 0.280865 0.145833
0 0.655865 0.752605 0.194445 0.161458
0 0.493055 0.771267 0.233025 0.148438
0 0.321760 0.766927 0.251543 0.153647
0 0.166667 0.770400 0.222222 0.183160
0 0.084876 0.768663 0.169753 0.200522
0 0.743827 0.955295 0.259260 0.089409
0 0.904322 0.928819 0.188272 0.142362
