0 0.852469 0.093749 0.233333 0.172223
0 0.686420 0.091319 0.172840 0.182638
0 0.492592 0.084375 0.259259 0.168750
0 0.293209 0.085764 0.198765 0.171527
0 0.099383 0.086111 0.198765 0.172223
0 0.082099 0.350347 0.164198 0.165972
0 0.254939 0.346528 0.201235 0.158333
0 0.372840 0.336805 0.143209 0.144444
0 0.582099 0.339583 0.183951 0.163889
0 0.748765 0.330208 0.181481 0.157639
0 0.893827 0.328472 0.145679 0.141667
0 0.937037 0.525000 0.125926 0.116667
0 0.891359 0.535417 0.155556 0.129167
0 0.761111 0.550347 0.186420 0.118751
0 0.624075 0.546875 0.201235 0.122917
0 0.500000 0.549653 0.177777 0.146528
0 0.395679 0.548264 0.213580 0.160417
0 0.258641 0.559375 0.146913 0.160417
0 0.103087 0.764931 0.186420 0.149305
0 0.109259 0.576736 0.218519 0.165972
0 0.514815 0.754513 0.279012 0.146528
0 0.808641 0.755208 0.239507 0.125695
0 0.929012 0.722917 0.141976 0.122223
