0 0.175925 0.368403 0.196296 0.142361
0 0.336420 0.370833 0.196296 0.141667
0 0.050617 0.357639 0.101234 0.118056
0 0.819753 0.373959 0.185185 0.156251
0 0.344444 0.540625 0.160493 0.121528
0 0.212963 0.544792 0.213580 0.111805
0 0.825925 0.543751 0.195061 0.125000
0 0.956173 0.536459 0.087655 0.117361
0 0.929630 0.686805 0.140740 0.105556
0 0.839507 0.695833 0.133333 0.109723
0 0.338889 0.707987 0.201235 0.102084
0 0.170371 0.709723 0.170371 0.102777
0 0.062963 0.540277 0.125927 0.118056
0 0.377777 0.849305 0.153087 0.102777
0 0.235803 0.856597 0.158025 0.106249
0 0.104321 0.979514 0.119753 0.040973
0 0.404939 0.970833 0.160493 0.058333
0 0.778395 0.961459 0.129629 0.077083
0 0.877777 0.954861 0.108641 0.090278
0 0.953704 0.951042 0.092592 0.097916
