0 0.137655 0.231597 0.243209 0.193751
0 0.402469 0.226389 0.318519 0.225000
0 0.587037 0.250695 0.277777 0.152777
0 0.808025 0.225695 0.114815 0.229167
0 0.921605 0.223611 0.151852 0.238889
0 0.137037 0.525695 0.224692 0.188889
0 0.365432 0.550695 0.251852 0.166667
0 0.572840 0.558680 0.207408 0.170139
0 0.793209 0.534723 0.129629 0.161111
0 0.898148 0.539583 0.124692 0.168056
0 0.938889 0.902083 0.119753 0.084723
0 0.843827 0.854861 0.144444 0.170833
0 0.751235 0.837500 0.127160 0.176389
0 0.511728 0.854513 0.265432 0.154861
0 0.337037 0.855208 0.232099 0.161805
0 0.151852 0.837153 0.185185 0.146528
0 0.046914 0.839236 0.093827 0.113195
