0 0.187655 0.044792 0.241975 0.089584
0 0.411728 0.045833 0.277777 0.091666
0 0.642592 0.046875 0.265432 0.093750
0 0.889507 0.048611 0.218519 0.097223
0 0.041976 0.303820 0.083951 0.171528
0 0.208641 0.291667 0.279012 0.159723
0 0.448148 0.305208 0.269136 0.192361
0 0.678395 0.322569 0.208641 0.114584
0 0.925925 0.305208 0.145679 0.171528
0 0.062346 0.559028 0.124691 0.148611
0 0.208641 0.560416 0.202469 0.145833
0 0.480864 0.551389 0.161728 0.150000
0 0.640124 0.555556 0.216049 0.155556
0 0.865432 0.564584 0.246913 0.133333
0 0.116667 0.796180 0.220988 0.170139
0 0.320988 0.791320 0.209876 0.140972
0 0.488889 0.790277 0.187655 0.155556
0 0.658025 0.789236 0.175308 0.157639
0 0.840124 0.790625 0.218519 0.154861
0 0.156791 0.954861 0.140741 0.090279
0 0.593209 0.958334 0.183951 0.083333
0 0.448765 0.964930 0.122223 0.070139
0 0.814815 0.954861 0.182716 0.090278
