0 0.898765 0.062500 0.145679 0.125001
0 0.767901 0.059028 0.195061 0.118055
0 0.595061 0.055555 0.162963 0.111111
0 0.422223 0.057986 0.241975 0.115972
0 0.207408 0.057986 0.234568 0.115973
0 0.067284 0.286459 0.134569 0.179861
0 0.226543 0.297917 0.159259 0.140277
0 0.429012 0.297223 0.218519 0.165277
0 0.603704 0.290972 0.187655 0.162500
0 0.946296 0.293751 0.107407 0.156944
0 0.903704 0.493403 0.167901 0.120139
0 0.759259 0.502777 0.138272 0.125000
0 0.412345 0.518749 0.197531 0.123611
0 0.082099 0.542361 0.164197 0.147223
0 0.246913 0.535417 0.207408 0.133333
0 0.165432 0.741667 0.200000 0.152777
0 0.333333 0.747223 0.160493 0.147223
0 0.502469 0.723611 0.177777 0.140277
0 0.622223 0.708680 0.153087 0.115972
0 0.744444 0.697569 0.118519 0.134028
0 0.882716 0.678472 0.167901 0.133333
0 0.957407 0.833680 0.085185 0.114584
0 0.857408 0.844444 0.171605 0.130556
0 0.698148 0.871180 0.188889 0.138195
0 0.578395 0.892361 0.156791 0.133333
0 0.496913 0.910069 0.183951 0.129861
0 0.114815 0.936111 0.224692 0.127779
