0 0.043827 0.253820 0.087655 0.152083
0 0.153087 0.247916 0.113580 0.134723
0 0.263580 0.268403 0.112345 0.185417
0 0.370371 0.271528 0.116049 0.184723
0 0.475925 0.275000 0.114815 0.191667
0 0.589507 0.263889 0.070371 0.177777
0 0.669753 0.265277 0.109876 0.175000
0 0.765432 0.267013 0.101235 0.174305
0 0.860493 0.269444 0.098765 0.169444
0 0.948148 0.262153 0.086420 0.154861
0 0.886420 0.155556 0.227161 0.047223
0 0.965432 0.487847 0.069136 0.086805
0 0.893827 0.496528 0.064197 0.079167
0 0.783333 0.496528 0.127160 0.084723
0 0.659876 0.503820 0.092592 0.078472
0 0.540741 0.512847 0.086420 0.088195
0 0.453087 0.514236 0.098765 0.079861
0 0.373457 0.517708 0.117284 0.072917
0 0.277777 0.577431 0.103704 0.079861
0 0.175308 0.577777 0.093827 0.079167
0 0.069753 0.598959 0.122223 0.103472
0 0.112346 0.808333 0.224691 0.134723
0 0.288889 0.778820 0.167901 0.146528
0 0.412345 0.784375 0.185185 0.147916
0 0.533333 0.758680 0.162963 0.161805
0 0.692592 0.727431 0.190124 0.189583
0 0.898765 0.707987 0.175308 0.174305
0 0.904321 0.912847 0.191359 0.163195
0 0.748765 0.922917 0.191359 0.154167
0 0.562345 0.931944 0.211111 0.136112
0 0.327160 0.944444 0.256791 0.111111
