0 0.253087 0.237847 0.262345 0.152778
0 0.504630 0.239150 0.308642 0.200522
0 0.809413 0.270833 0.270062 0.095487
0 0.764660 0.547743 0.251543 0.194445
0 0.921296 0.545138 0.157407 0.185763
0 0.498457 0.543403 0.219135 0.168403
0 0.292438 0.542535 0.285493 0.204862
0 0.064815 0.554253 0.129630 0.200522
0 0.088735 0.859375 0.177468 0.170138
0 0.280865 0.844183 0.265432 0.164062
0 0.486883 0.839410 0.217593 0.184028
0 0.713735 0.837673 0.257717 0.173612
0 0.905864 0.839843 0.188272 0.188368
0 0.064815 0.554253 0.129630 0.200522
