0 0.149383 0.192361 0.150617 0.190277
0 0.248148 0.203125 0.145679 0.195139
0 0.365432 0.208680 0.125925 0.197917
0 0.459876 0.205208 0.134568 0.193751
0 0.589507 0.216667 0.144444 0.184723
0 0.718519 0.218749 0.167901 0.209723
0 0.629012 0.088541 0.280247 0.063195
0 0.848148 0.225347 0.172840 0.218749
0 0.941359 0.222223 0.114815 0.195833
0 0.025309 0.465972 0.050618 0.093056
0 0.153704 0.471528 0.124692 0.087500
0 0.294444 0.475695 0.109876 0.104167
0 0.454321 0.477083 0.155556 0.093056
0 0.593209 0.490277 0.137037 0.093056
0 0.745061 0.490277 0.119753 0.093056
0 0.878395 0.495139 0.117284 0.086111
0 0.762963 0.771180 0.333333 0.218749
0 0.499383 0.754513 0.304939 0.197917
0 0.264815 0.735764 0.285185 0.192361
0 0.086420 0.743403 0.172840 0.167361
0 0.106790 0.942013 0.213580 0.114584
0 0.327160 0.947569 0.256791 0.103472
0 0.555556 0.949305 0.244444 0.100000
