0 0.110493 0.185764 0.176543 0.168749
0 0.305556 0.187500 0.270371 0.188889
0 0.470371 0.192361 0.224692 0.188889
0 0.698765 0.217361 0.251852 0.166667
0 0.901235 0.225347 0.197531 0.170139
0 0.845061 0.521180 0.265432 0.154861
0 0.670371 0.521875 0.232099 0.161805
0 0.485185 0.503820 0.185185 0.146528
0 0.333333 0.505903 0.187655 0.113195
0 0.214815 0.487153 0.214815 0.131249
0 0.079012 0.478472 0.153087 0.133333
0 0.692592 0.768749 0.190124 0.151389
0 0.850617 0.775695 0.167901 0.148611
0 0.511728 0.778125 0.203704 0.085416
0 0.368519 0.737847 0.208641 0.115972
0 0.172840 0.736459 0.158025 0.124305
0 0.062345 0.717013 0.100000 0.114584
0 0.075925 0.868403 0.092592 0.088195
0 0.265432 0.889931 0.135803 0.100695
0 0.605556 0.931944 0.122223 0.100000
0 0.716049 0.935764 0.153087 0.113195
