0 0.087655 0.177083 0.175308 0.197223
0 0.226543 0.185417 0.255556 0.188889
0 0.362345 0.189583 0.211111 0.191667
0 0.504321 0.198264 0.228395 0.165972
0 0.729629 0.180903 0.241975 0.184028
0 0.884568 0.201389 0.196296 0.159723
0 0.099383 0.443403 0.198765 0.181249
0 0.364197 0.448959 0.279012 0.128472
0 0.765432 0.445487 0.244444 0.161805
0 0.063580 0.664583 0.127160 0.181944
0 0.204939 0.669444 0.170371 0.183333
0 0.384568 0.665972 0.223457 0.184723
0 0.534568 0.670487 0.158025 0.159028
0 0.683333 0.684028 0.176543 0.143056
0 0.832716 0.684028 0.188889 0.140277
0 0.087655 0.888195 0.175308 0.119444
0 0.432099 0.872569 0.212345 0.153472
0 0.644444 0.872223 0.167901 0.168056
0 0.824692 0.869792 0.158025 0.163195
