0 0.547531 0.069444 0.107408 0.138888
0 0.669753 0.071528 0.151852 0.143056
0 0.789507 0.075347 0.161728 0.150694
0 0.155556 0.056945 0.303704 0.113889
0 0.926543 0.072569 0.144444 0.145139
0 0.356791 0.068056 0.202469 0.136112
0 0.141976 0.363195 0.283951 0.183333
0 0.321605 0.369792 0.201235 0.168749
0 0.551852 0.350695 0.128395 0.161111
0 0.643827 0.360417 0.117284 0.168056
0 0.750000 0.351389 0.149383 0.169444
0 0.875925 0.351736 0.146913 0.159028
0 0.938889 0.739931 0.119753 0.096528
0 0.817901 0.735069 0.127160 0.093749
0 0.700617 0.729861 0.117284 0.095833
0 0.616049 0.679513 0.143209 0.185417
0 0.525925 0.663889 0.140741 0.198611
0 0.287037 0.677431 0.240741 0.142361
0 0.117901 0.647223 0.235803 0.152777
0 0.136420 0.922223 0.183951 0.152777
0 0.300000 0.930556 0.192592 0.138889
0 0.509259 0.944792 0.179012 0.110417
0 0.718519 0.953819 0.212345 0.092361
0 0.910493 0.955555 0.176543 0.088889
