0 0.099383 0.053125 0.198765 0.106251
0 0.250617 0.054514 0.190124 0.109027
0 0.524075 0.054514 0.295061 0.109028
0 0.708025 0.052430 0.218519 0.104861
0 0.931481 0.054514 0.137037 0.109027
0 0.902469 0.324653 0.195062 0.092361
0 0.716667 0.313889 0.191359 0.143056
0 0.274692 0.323959 0.277777 0.139584
0 0.515432 0.323264 0.220988 0.161805
0 0.259876 0.218749 0.235803 0.113889
0 0.090124 0.332639 0.180247 0.134723
0 0.132099 0.553472 0.264197 0.198611
0 0.320371 0.550695 0.243209 0.220833
0 0.493827 0.531944 0.187655 0.181944
0 0.675308 0.521875 0.160493 0.185417
0 0.838889 0.518403 0.201235 0.174305
0 0.953087 0.511459 0.093827 0.179861
0 0.878395 0.725000 0.193827 0.145833
0 0.506791 0.784723 0.228395 0.134723
0 0.340124 0.803820 0.201235 0.142361
0 0.133333 0.786459 0.227160 0.195139
0 0.289507 0.943403 0.164197 0.113195
0 0.481481 0.934722 0.249383 0.130555
0 0.792592 0.919098 0.217284 0.161805
0 0.919136 0.918056 0.141975 0.145833
