0 0.288889 0.260069 0.296296 0.217361
0 0.533333 0.264583 0.222223 0.222223
0 0.753087 0.265625 0.269136 0.215972
0 0.936420 0.264583 0.127160 0.222223
0 0.270371 0.558333 0.185185 0.177777
0 0.454939 0.551736 0.201235 0.184028
0 0.644444 0.539931 0.160493 0.163195
0 0.872223 0.558333 0.196296 0.165277
0 0.312345 0.800000 0.217284 0.179167
0 0.460493 0.793403 0.160493 0.186805
0 0.743209 0.802083 0.190124 0.173611
0 0.610493 0.792361 0.179012 0.175000
0 0.916667 0.810069 0.166666 0.149305
0 0.335185 0.961111 0.216049 0.077778
