0 0.240124 0.187500 0.206173 0.194444
0 0.394444 0.199305 0.179012 0.176389
0 0.584568 0.194792 0.216049 0.189583
0 0.761111 0.204861 0.223457 0.187500
0 0.933951 0.225347 0.132099 0.170139
0 0.899383 0.526041 0.201235 0.167361
0 0.754321 0.513195 0.170371 0.147223
0 0.610493 0.519444 0.208641 0.126389
0 0.470988 0.497916 0.198765 0.123611
0 0.314197 0.487153 0.260493 0.124305
0 0.064197 0.713195 0.128395 0.130556
0 0.273457 0.735764 0.196296 0.125695
0 0.440124 0.741320 0.183951 0.117361
0 0.621605 0.762500 0.208641 0.133333
0 0.790124 0.790277 0.180247 0.080556
0 0.937037 0.782292 0.125927 0.132639
0 0.970370 0.950000 0.059259 0.098611
0 0.865432 0.944792 0.123457 0.097917
0 0.503704 0.905556 0.135803 0.106944
0 0.303704 0.881944 0.111111 0.088889
0 0.081481 0.874653 0.162963 0.109028
0 0.086420 0.950695 0.172840 0.097223
0 0.403704 0.941320 0.113580 0.078472
