0 0.943827 0.229513 0.109876 0.202083
0 0.826543 0.228820 0.191359 0.209028
0 0.704321 0.227431 0.144444 0.211805
0 0.444444 0.214236 0.160493 0.203472
0 0.312345 0.210417 0.165432 0.180556
0 0.224075 0.203820 0.132099 0.196528
0 0.080247 0.183680 0.135803 0.178472
0 0.063580 0.534028 0.127160 0.097223
0 0.161728 0.541667 0.130864 0.104167
0 0.299383 0.490972 0.109876 0.105556
0 0.407408 0.497916 0.111111 0.094444
0 0.500617 0.503472 0.139507 0.088889
0 0.664815 0.515277 0.137037 0.105556
0 0.822840 0.525695 0.149383 0.112500
0 0.704939 0.794792 0.266667 0.225695
0 0.508025 0.808333 0.216049 0.184723
0 0.316667 0.802431 0.196296 0.170139
0 0.187037 0.780903 0.176543 0.127083
