0 0.070370 0.190277 0.140741 0.122223
0 0.237037 0.191320 0.246913 0.160417
0 0.688272 0.220139 0.203704 0.070833
0 0.480864 0.216667 0.216049 0.076389
0 0.870371 0.222916 0.209876 0.061111
0 0.733333 0.437153 0.175308 0.178472
0 0.906173 0.430208 0.180247 0.165972
0 0.445061 0.438195 0.201235 0.155556
0 0.582716 0.436111 0.150617 0.148611
0 0.232099 0.434723 0.175308 0.134723
0 0.090741 0.434028 0.181481 0.163889
0 0.082099 0.675347 0.164198 0.131249
0 0.222840 0.671528 0.174075 0.147223
0 0.404321 0.670139 0.206173 0.138889
0 0.562963 0.671875 0.160493 0.150695
0 0.745061 0.667708 0.218519 0.152083
0 0.900617 0.663541 0.198766 0.145139
0 0.945062 0.862847 0.109877 0.157639
0 0.803704 0.860069 0.172840 0.152083
0 0.658641 0.874653 0.166667 0.147916
0 0.475308 0.865972 0.160493 0.118056
0 0.317284 0.870833 0.207408 0.111111
0 0.075926 0.881944 0.151852 0.138889
