0 0.638888 0.072483 0.200617 0.144965
0 0.473765 0.062935 0.206790 0.125869
0 0.363427 0.063802 0.165123 0.127605
0 0.040123 0.417968 0.080247 0.134548
0 0.158178 0.417535 0.168210 0.121528
0 0.285493 0.427083 0.163580 0.130208
0 0.457562 0.363715 0.137345 0.131945
0 0.592593 0.372395 0.138888 0.118055
0 0.709105 0.379340 0.174383 0.111112
0 0.914352 0.394097 0.171297 0.131945
0 0.898920 0.743490 0.202160 0.282118
0 0.718365 0.760417 0.270062 0.230903
0 0.479167 0.753038 0.245370 0.212673
0 0.317130 0.726128 0.220678 0.158853
0 0.110340 0.708767 0.220679 0.203993
