0 0.510493 0.050347 0.379012 0.100695
0 0.864197 0.052083 0.261728 0.104167
0 0.325308 0.300347 0.243209 0.202083
0 0.558641 0.303472 0.208641 0.208333
0 0.801852 0.305208 0.275308 0.211805
0 0.299383 0.587153 0.198765 0.184028
0 0.464197 0.585764 0.180247 0.184028
0 0.872223 0.598959 0.186420 0.168749
0 0.625308 0.579861 0.151852 0.172223
0 0.070987 0.819444 0.141975 0.176389
0 0.279629 0.827431 0.208641 0.178472
0 0.577777 0.828820 0.145679 0.175695
0 0.728395 0.837847 0.160493 0.172917
0 0.895061 0.854167 0.204939 0.120833
