0 0.141975 0.137153 0.283951 0.177083
0 0.401852 0.140972 0.203704 0.151389
0 0.859876 0.150695 0.277777 0.141667
0 0.083951 0.365277 0.158025 0.184723
0 0.259876 0.367708 0.270371 0.203472
0 0.441359 0.366320 0.196296 0.192361
0 0.602469 0.371528 0.140741 0.190277
0 0.767901 0.398959 0.214815 0.160417
0 0.093210 0.610069 0.186419 0.134028
0 0.487655 0.606597 0.241975 0.160417
0 0.711728 0.590972 0.201235 0.183333
0 0.820988 0.784723 0.180247 0.148611
0 0.891359 0.594097 0.187655 0.174305
0 0.451852 0.804167 0.204939 0.194444
0 0.097531 0.796180 0.180247 0.161805
0 0.553704 0.793056 0.139507 0.163889
0 0.276543 0.545487 0.150617 0.090972
