0 0.852469 0.260416 0.233333 0.172223
0 0.686420 0.247916 0.172840 0.202777
0 0.492592 0.241667 0.259259 0.187500
0 0.293209 0.245139 0.198765 0.186111
0 0.099383 0.243056 0.198765 0.191667
0 0.082099 0.517013 0.164198 0.165972
0 0.254939 0.513195 0.201235 0.158333
0 0.372840 0.503472 0.143209 0.144444
0 0.582099 0.506249 0.183951 0.163889
0 0.748765 0.496875 0.181481 0.157639
0 0.893827 0.495139 0.145679 0.141667
0 0.937037 0.691667 0.125926 0.116667
0 0.891359 0.702084 0.155556 0.129167
0 0.761111 0.717013 0.186420 0.118751
0 0.624075 0.713541 0.201235 0.122917
0 0.500000 0.716320 0.177777 0.146528
0 0.395679 0.714931 0.213580 0.160417
0 0.258641 0.726041 0.146913 0.160417
0 0.103087 0.928472 0.186420 0.143055
0 0.109259 0.743403 0.218519 0.165972
0 0.514815 0.921180 0.279012 0.146528
0 0.808641 0.921875 0.239507 0.125695
0 0.929012 0.889584 0.141976 0.122223
