0 0.350000 0.056250 0.319753 0.112500
0 0.656173 0.054861 0.292592 0.098611
0 0.872223 0.065277 0.253087 0.097223
0 0.132716 0.050695 0.230864 0.101389
0 0.121605 0.296528 0.243210 0.179167
0 0.314815 0.309028 0.195061 0.181944
0 0.564815 0.309723 0.253087 0.177777
0 0.714815 0.309375 0.249383 0.181249
0 0.898148 0.312153 0.201235 0.192361
0 0.107407 0.577777 0.214815 0.134723
0 0.293209 0.573611 0.206173 0.168056
0 0.490741 0.572223 0.228395 0.170833
0 0.691975 0.578472 0.154321 0.158333
0 0.881481 0.578125 0.234568 0.179861
0 0.915432 0.808680 0.166667 0.179861
0 0.745061 0.806597 0.218519 0.175695
0 0.561111 0.791320 0.188889 0.139584
0 0.387655 0.784028 0.244444 0.141667
0 0.251235 0.744444 0.159259 0.097223
0 0.096296 0.793056 0.192593 0.170833
0 0.706791 0.966319 0.188889 0.067361
