0 0.202469 0.078820 0.303704 0.157639
0 0.445679 0.087500 0.256791 0.175001
0 0.725925 0.086805 0.318519 0.173611
0 0.908025 0.093749 0.181481 0.159723
0 0.056173 0.075347 0.112346 0.150694
0 0.075308 0.365972 0.150617 0.176389
0 0.251235 0.361459 0.216049 0.189583
0 0.427777 0.371528 0.223457 0.187500
0 0.667284 0.392013 0.265432 0.170139
0 0.882099 0.404861 0.220988 0.162500
0 0.806791 0.702431 0.230864 0.171528
0 0.635185 0.692708 0.339507 0.167361
0 0.420988 0.679861 0.170371 0.147223
0 0.277160 0.686111 0.208641 0.126389
0 0.137655 0.664583 0.198765 0.123611
0 0.106791 0.907987 0.183951 0.117361
0 0.288272 0.929167 0.208641 0.133333
0 0.456791 0.956944 0.180247 0.080556
0 0.627160 0.941320 0.172840 0.117361
0 0.794444 0.945833 0.183951 0.108333
