0 0.893209 0.111459 0.208641 0.171528
0 0.566667 0.103820 0.175308 0.178472
0 0.739507 0.096875 0.180247 0.165972
0 0.278395 0.104861 0.201235 0.155556
0 0.416049 0.102777 0.150617 0.148611
0 0.076543 0.101389 0.153086 0.134723
0 0.071605 0.338195 0.143211 0.147223
0 0.237655 0.336805 0.206173 0.138889
0 0.396296 0.338541 0.160493 0.150695
0 0.578395 0.334375 0.218519 0.152083
0 0.866667 0.335417 0.133333 0.130556
0 0.743827 0.330208 0.218519 0.145139
0 0.816049 0.529513 0.185185 0.157639
0 0.637037 0.526736 0.172840 0.152083
0 0.491975 0.541320 0.166667 0.147916
0 0.308641 0.532639 0.160493 0.118056
0 0.150617 0.537500 0.207408 0.111111
0 0.459259 0.700000 0.165432 0.116667
0 0.712963 0.712153 0.179012 0.072917
