0 0.053703 0.201736 0.107407 0.142361
0 0.169753 0.204167 0.196296 0.141667
0 0.908025 0.204167 0.181481 0.137500
0 0.653087 0.207292 0.185185 0.156251
0 0.177777 0.373959 0.160493 0.121528
0 0.076543 0.378125 0.153086 0.111805
0 0.659259 0.377084 0.195061 0.125000
0 0.826543 0.369792 0.161728 0.117361
0 0.791359 0.520139 0.197531 0.105556
0 0.672840 0.529167 0.133333 0.109723
0 0.172223 0.541320 0.201235 0.102084
0 0.044445 0.543056 0.088889 0.102777
0 0.211111 0.682639 0.153087 0.102777
0 0.074074 0.689931 0.148149 0.106249
0 0.238272 0.823959 0.160493 0.097917
0 0.611728 0.806251 0.129629 0.100000
0 0.711111 0.794444 0.108641 0.102777
0 0.822223 0.784723 0.162963 0.098611
0 0.238272 0.958681 0.180247 0.082639
