0 0.791667 0.213108 0.219135 0.223090
0 0.947531 0.204427 0.104938 0.207465
0 0.431327 0.214410 0.251543 0.194445
0 0.603395 0.211805 0.188272 0.185763
0 0.165123 0.210070 0.219135 0.168403
0 0.153550 0.506077 0.217593 0.184028
0 0.380402 0.504340 0.257717 0.173612
0 0.578703 0.506510 0.200617 0.188368
0 0.806327 0.501302 0.273148 0.190103
0 0.938271 0.496093 0.123457 0.181423
0 0.879630 0.741753 0.216050 0.190103
0 0.698302 0.759983 0.208333 0.184895
0 0.469135 0.749132 0.200617 0.147570
0 0.271605 0.755208 0.259260 0.138888
0 0.657407 0.942708 0.206790 0.114583
0 0.931327 0.963976 0.137346 0.072048
