0 0.919753 0.134983 0.160493 0.153647
0 0.770062 0.144097 0.250000 0.180555
0 0.562500 0.156250 0.214507 0.178820
0 0.373457 0.154080 0.216050 0.143230
0 0.216822 0.160157 0.211420 0.148438
0 0.062500 0.180990 0.124999 0.153647
0 0.939815 0.406250 0.120371 0.121528
0 0.794753 0.413628 0.219135 0.143230
0 0.604938 0.441407 0.166667 0.080730
0 0.435185 0.417100 0.191358 0.138020
0 0.213735 0.418837 0.214507 0.169270
0 0.077160 0.436198 0.154321 0.158853
0 0.083333 0.614150 0.114198 0.099827
0 0.204475 0.673177 0.128087 0.068577
0 0.305555 0.599827 0.141975 0.107638
0 0.721450 0.604167 0.137345 0.105903
0 0.834877 0.585503 0.114198 0.106770
