0 0.101852 0.203125 0.132717 0.303820
0 0.212963 0.203993 0.166667 0.295138
0 0.361112 0.209635 0.212963 0.302952
0 0.515432 0.213975 0.185185 0.294272
0 0.723765 0.217013 0.212963 0.288195
0 0.888117 0.219183 0.165123 0.190103
0 0.935957 0.684462 0.128087 0.254340
0 0.807098 0.679688 0.206790 0.225695
0 0.696760 0.671442 0.165123 0.245660
0 0.516975 0.646267 0.169753 0.223090
0 0.391203 0.628472 0.171297 0.217013
0 0.142747 0.621093 0.152778 0.216147
0 0.280093 0.620225 0.158950 0.203993
0 0.165895 0.937066 0.146605 0.125867
