0 0.354321 0.044792 0.241975 0.089584
0 0.578395 0.045833 0.277777 0.091666
0 0.809259 0.046875 0.265432 0.093750
0 0.158025 0.303820 0.185185 0.171528
0 0.375308 0.291667 0.279012 0.159723
0 0.614815 0.305208 0.269136 0.192361
0 0.845061 0.322569 0.208641 0.114584
0 0.182099 0.559028 0.218519 0.148611
0 0.375308 0.560416 0.202469 0.145833
0 0.647531 0.551389 0.161728 0.150000
0 0.806791 0.555556 0.216049 0.155556
0 0.116667 0.774305 0.188889 0.172223
0 0.283333 0.796180 0.220988 0.170139
0 0.487655 0.791320 0.209876 0.140972
0 0.655556 0.790277 0.187655 0.155556
0 0.824692 0.789236 0.175308 0.157639
0 0.948766 0.790625 0.102469 0.154861
0 0.323457 0.954861 0.140741 0.090279
0 0.759876 0.958334 0.183951 0.083333
0 0.615432 0.964930 0.122223 0.070139
