0 0.096913 0.268403 0.112345 0.185417
0 0.203704 0.271528 0.116049 0.184723
0 0.309259 0.275000 0.114815 0.191667
0 0.422840 0.263889 0.070371 0.177777
0 0.503087 0.265277 0.109876 0.175000
0 0.598765 0.267013 0.101235 0.174305
0 0.693827 0.269444 0.098765 0.169444
0 0.781481 0.262153 0.086420 0.154861
0 0.746296 0.155556 0.280247 0.047223
0 0.846296 0.266667 0.114815 0.169444
0 0.932099 0.258680 0.096296 0.175695
0 0.919136 0.481251 0.087655 0.083333
0 0.812345 0.487847 0.096296 0.086805
0 0.727160 0.496528 0.064197 0.079167
0 0.616667 0.496528 0.127160 0.084723
0 0.493209 0.503820 0.092592 0.078472
0 0.374075 0.512847 0.086420 0.088195
0 0.286420 0.514236 0.098765 0.079861
0 0.206791 0.517708 0.117284 0.072917
0 0.111111 0.577431 0.103704 0.079861
0 0.027777 0.577777 0.055555 0.079167
0 0.122223 0.778820 0.167901 0.146528
0 0.245679 0.784375 0.185185 0.147916
0 0.366667 0.758680 0.162963 0.161805
0 0.525925 0.727431 0.190124 0.189583
0 0.732099 0.707987 0.175308 0.174305
0 0.918519 0.693403 0.160493 0.163195
0 0.918519 0.878125 0.160493 0.125695
0 0.743827 0.912847 0.203704 0.163195
0 0.582099 0.922917 0.191359 0.154167
0 0.395679 0.931944 0.211111 0.136112
0 0.160493 0.944444 0.256791 0.111111
