0 0.811728 0.280817 0.277778 0.115452
0 0.562500 0.267362 0.239198 0.178820
0 0.091821 0.279948 0.183642 0.174480
0 0.310957 0.279080 0.276235 0.202257
0 0.069444 0.148437 0.138888 0.142362
0 0.109568 0.563368 0.219136 0.276042
0 0.283950 0.539930 0.234568 0.227430
0 0.510802 0.527343 0.200617 0.231772
0 0.715278 0.523003 0.251543 0.217882
0 0.878858 0.514323 0.158950 0.224827
0 0.925926 0.749567 0.148148 0.191840
0 0.764660 0.781250 0.242283 0.182292
0 0.300155 0.855903 0.285493 0.168403
0 0.108797 0.879775 0.217593 0.177952
