0 0.059413 0.128472 0.118827 0.220487
0 0.212963 0.130642 0.200617 0.210937
0 0.469135 0.138888 0.314815 0.190972
0 0.704475 0.140192 0.180555 0.167535
0 0.925155 0.106337 0.112655 0.169270
0 0.936728 0.440972 0.123457 0.199653
0 0.626543 0.468317 0.240740 0.153647
0 0.436728 0.477430 0.250000 0.180555
0 0.229167 0.489583 0.214507 0.178820
0 0.074074 0.487413 0.148148 0.143230
0 0.867283 0.725695 0.203703 0.161458
0 0.621142 0.739583 0.149692 0.121528
0 0.461420 0.746962 0.219135 0.143230
0 0.271605 0.774740 0.166667 0.080730
0 0.101852 0.750433 0.191358 0.138020
0 0.388117 0.937500 0.137345 0.105903
0 0.501543 0.918837 0.114198 0.106770
0 0.872685 0.914497 0.251543 0.171007
