0 0.190741 0.054514 0.295061 0.109028
0 0.374692 0.052430 0.218519 0.104861
0 0.626543 0.054514 0.193827 0.109027
0 0.835185 0.059028 0.230864 0.118056
0 0.838889 0.288889 0.225925 0.141667
0 0.582716 0.324653 0.222223 0.092361
0 0.383333 0.313889 0.191359 0.143056
0 0.182099 0.323264 0.220988 0.161805
0 0.160493 0.531944 0.187655 0.181944
0 0.341975 0.521875 0.160493 0.185417
0 0.505556 0.518403 0.201235 0.174305
0 0.636420 0.511459 0.127160 0.179861
0 0.906173 0.510069 0.162963 0.139584
0 0.769136 0.517013 0.138272 0.138195
0 0.866049 0.685416 0.174075 0.150000
0 0.701852 0.699653 0.174075 0.153472
0 0.545061 0.725000 0.193827 0.145833
0 0.173457 0.784723 0.228395 0.134723
0 0.053704 0.803820 0.107408 0.142361
0 0.148148 0.934722 0.249383 0.130555
0 0.459259 0.919098 0.217284 0.161805
0 0.585803 0.918056 0.141975 0.145833
0 0.763580 0.870487 0.132099 0.134028
0 0.882099 0.862153 0.171605 0.124305
