0 0.068673 0.184895 0.137346 0.168403
0 0.204475 0.210503 0.140432 0.231772
0 0.337963 0.214410 0.145062 0.230903
0 0.469907 0.218750 0.143518 0.239583
0 0.611883 0.204862 0.087963 0.222222
0 0.712192 0.206597 0.137345 0.218750
0 0.831790 0.208767 0.126543 0.217882
0 0.944444 0.211805 0.111112 0.211805
0 0.920525 0.069445 0.158951 0.059028
0 0.976080 0.495660 0.047840 0.098958
0 0.854167 0.495660 0.158950 0.105903
0 0.699845 0.504775 0.115740 0.098090
0 0.550927 0.516058 0.108025 0.110243
0 0.441358 0.517795 0.123457 0.099827
0 0.341822 0.522135 0.146605 0.091147
0 0.222222 0.596788 0.129630 0.099827
0 0.094135 0.597222 0.117283 0.098958
0 0.077932 0.885417 0.155864 0.168403
0 0.236112 0.848525 0.209877 0.183160
0 0.390432 0.855468 0.231482 0.184895
0 0.541667 0.823350 0.203703 0.202257
0 0.740740 0.784288 0.237655 0.236978
0 0.944445 0.759983 0.111111 0.217882
