0 0.075308 0.199305 0.150617 0.176389
0 0.251235 0.194792 0.216049 0.189583
0 0.427777 0.204861 0.223457 0.187500
0 0.667284 0.225347 0.265432 0.170139
0 0.882099 0.238195 0.220988 0.162500
0 0.806791 0.535764 0.230864 0.171528
0 0.635185 0.526041 0.339507 0.167361
0 0.420988 0.513195 0.170371 0.147223
0 0.277160 0.519444 0.208641 0.126389
0 0.137655 0.497916 0.198765 0.123611
0 0.106791 0.741320 0.183951 0.117361
0 0.288272 0.762500 0.208641 0.133333
0 0.456791 0.790277 0.180247 0.080556
0 0.627160 0.782292 0.172840 0.132639
0 0.794444 0.796528 0.183951 0.143056
0 0.661728 0.950000 0.108641 0.098611
0 0.532099 0.944792 0.123457 0.097917
0 0.170371 0.905556 0.135803 0.106944
0 0.070371 0.941320 0.113580 0.078472
