0 0.888889 0.089236 0.219753 0.178472
0 0.685803 0.093749 0.233333 0.172223
0 0.519753 0.091319 0.172840 0.182638
0 0.325925 0.084375 0.259259 0.168750
0 0.126543 0.085764 0.198765 0.171527
0 0.094445 0.346528 0.188889 0.158333
0 0.206173 0.336805 0.143209 0.144444
0 0.415432 0.339583 0.183951 0.163889
0 0.582099 0.330208 0.181481 0.157639
0 0.727160 0.328472 0.145679 0.141667
0 0.881481 0.323959 0.158025 0.132639
0 0.819753 0.525000 0.224692 0.116667
0 0.724692 0.535417 0.155556 0.129167
0 0.594444 0.550347 0.186420 0.118751
0 0.457408 0.546875 0.201235 0.122917
0 0.333333 0.549653 0.177777 0.146528
0 0.229012 0.548264 0.213580 0.160417
0 0.091975 0.559375 0.146913 0.160417
0 0.348148 0.754513 0.279012 0.146528
0 0.641975 0.755208 0.239507 0.125695
0 0.795061 0.722917 0.207408 0.122223
0 0.923457 0.692013 0.150617 0.145139
