0 0.952161 0.266927 0.095678 0.230035
0 0.767747 0.266493 0.257717 0.211805
0 0.539352 0.269532 0.254630 0.221353
0 0.331790 0.263022 0.293210 0.222222
0 0.133488 0.249567 0.266975 0.214410
0 0.056327 0.540365 0.112654 0.235243
0 0.177468 0.548177 0.274692 0.226562
0 0.395062 0.551650 0.179012 0.205730
0 0.562500 0.551650 0.233025 0.230035
0 0.753087 0.555990 0.330247 0.203993
0 0.133487 0.814237 0.266975 0.237847
0 0.490740 0.866753 0.320988 0.172743
0 0.760802 0.828993 0.265432 0.223958
0 0.918210 0.819010 0.163579 0.205730
