0 0.520988 0.044792 0.241975 0.089584
0 0.745061 0.045833 0.277777 0.091666
0 0.116049 0.280903 0.232099 0.189583
0 0.324692 0.303820 0.185185 0.171528
0 0.541975 0.291667 0.279012 0.159723
0 0.781481 0.305208 0.269136 0.192361
0 0.136420 0.557987 0.216049 0.157639
0 0.348765 0.559028 0.218519 0.148611
0 0.541975 0.560416 0.202469 0.145833
0 0.814197 0.551389 0.161728 0.150000
0 0.932716 0.555556 0.134567 0.155556
0 0.283333 0.774305 0.188889 0.172223
0 0.450000 0.796180 0.220988 0.170139
0 0.654321 0.791320 0.209876 0.140972
0 0.822223 0.790277 0.187655 0.155556
0 0.951852 0.789236 0.096295 0.157639
0 0.217901 0.954166 0.245679 0.091667
0 0.490124 0.954861 0.140741 0.090279
0 0.917284 0.958334 0.165433 0.083333
0 0.782099 0.964930 0.122223 0.070139
