0 0.158025 0.137153 0.185185 0.171528
0 0.375308 0.125000 0.279012 0.159723
0 0.614815 0.138541 0.269136 0.192361
0 0.845061 0.155903 0.208641 0.114584
0 0.182099 0.392361 0.218519 0.148611
0 0.375308 0.393749 0.202469 0.145833
0 0.647531 0.384723 0.161728 0.150000
0 0.806791 0.388889 0.216049 0.155556
0 0.116667 0.607639 0.188889 0.172223
0 0.283333 0.629513 0.220988 0.170139
0 0.487655 0.624653 0.209876 0.140972
0 0.655556 0.623611 0.187655 0.155556
0 0.824692 0.622569 0.175308 0.157639
0 0.948766 0.623959 0.102469 0.154861
0 0.087037 0.836111 0.174074 0.188889
0 0.323457 0.789583 0.140741 0.093056
0 0.479629 0.841667 0.171605 0.143056
0 0.759876 0.827084 0.183951 0.154167
0 0.615432 0.836111 0.122223 0.145833
0 0.945062 0.826041 0.109877 0.165972
