0 0.383951 0.125347 0.323457 0.186805
0 0.701235 0.131249 0.232099 0.175000
0 0.895061 0.147569 0.140741 0.159028
0 0.853087 0.414583 0.172840 0.202777
0 0.659259 0.408333 0.259259 0.187500
0 0.459876 0.411805 0.198765 0.186111
0 0.228395 0.409723 0.274075 0.191667
0 0.235185 0.683680 0.191359 0.165972
0 0.421605 0.679861 0.201235 0.158333
0 0.539507 0.670139 0.143209 0.144444
0 0.748765 0.672916 0.183951 0.163889
0 0.912346 0.663541 0.175309 0.157639
0 0.917284 0.883680 0.165433 0.118751
0 0.790741 0.880208 0.201235 0.122917
0 0.666667 0.882987 0.177777 0.146528
0 0.562345 0.881597 0.213580 0.160417
0 0.425308 0.892708 0.146913 0.160417
0 0.270371 0.910069 0.229629 0.165972
