0 0.085185 0.115625 0.170370 0.128472
0 0.432099 0.112153 0.244444 0.161805
0 0.727160 0.118056 0.165432 0.161111
0 0.906791 0.119792 0.183951 0.152083
0 0.081482 0.332639 0.162963 0.184723
0 0.201235 0.337153 0.158025 0.159028
0 0.350000 0.350695 0.176543 0.143056
0 0.499383 0.350695 0.188889 0.140277
0 0.699383 0.354861 0.211111 0.140277
0 0.883333 0.355556 0.218519 0.147223
0 0.102469 0.539236 0.204938 0.153472
0 0.311111 0.538889 0.167901 0.168056
0 0.793209 0.550347 0.223457 0.145139
0 0.491359 0.536459 0.158025 0.163195
0 0.922223 0.563195 0.153087 0.144444
0 0.096914 0.744444 0.193828 0.162500
0 0.215432 0.726736 0.129629 0.161805
0 0.460493 0.723611 0.167901 0.144444
0 0.701852 0.751736 0.211111 0.167361
0 0.915432 0.714583 0.149383 0.088889
