0 0.902469 0.095139 0.195061 0.190277
0 0.687037 0.087153 0.218519 0.174305
0 0.456791 0.094792 0.227160 0.189583
0 0.207408 0.101389 0.237037 0.165277
0 0.164815 0.382292 0.181481 0.167361
0 0.331481 0.380903 0.198765 0.170139
0 0.530247 0.369444 0.196296 0.176389
0 0.703704 0.371180 0.160493 0.168749
0 0.891358 0.377777 0.217285 0.152777
0 0.882716 0.648611 0.200000 0.144444
0 0.716667 0.658333 0.171605 0.143056
0 0.565432 0.656597 0.172840 0.114584
0 0.440124 0.661459 0.169136 0.118751
0 0.261728 0.678125 0.209876 0.122917
0 0.902469 0.864236 0.175308 0.114584
0 0.750617 0.886459 0.133333 0.064584
0 0.614815 0.867013 0.153087 0.110416
0 0.437655 0.868403 0.171605 0.135416
0 0.296296 0.882292 0.187655 0.127083
0 0.077778 0.892361 0.155555 0.133333
0 0.934568 0.979514 0.091359 0.040972
