0 0.088889 0.107639 0.177777 0.215278
0 0.289507 0.111111 0.203704 0.222222
0 0.502469 0.122223 0.232099 0.213889
0 0.748765 0.116667 0.307408 0.233333
0 0.936420 0.120139 0.127161 0.218056
0 0.904939 0.413541 0.162963 0.184028
0 0.714197 0.413195 0.206173 0.169444
0 0.531481 0.415625 0.203704 0.177083
0 0.365432 0.410417 0.234568 0.177777
0 0.200617 0.399653 0.225925 0.171528
0 0.101852 0.632292 0.176543 0.188195
0 0.241975 0.638541 0.219753 0.181249
0 0.416049 0.641320 0.143209 0.164584
0 0.550000 0.641320 0.186420 0.184028
0 0.893210 0.636805 0.213581 0.166667
0 0.702469 0.644792 0.264197 0.163195
0 0.156790 0.851389 0.313580 0.190277
0 0.492592 0.893403 0.256791 0.138195
0 0.708641 0.863195 0.212345 0.179167
0 0.874692 0.855208 0.211111 0.164584
