0 0.096913 0.101736 0.112345 0.185417
0 0.203704 0.104861 0.116049 0.184723
0 0.309259 0.108333 0.114815 0.191667
0 0.422840 0.097223 0.070371 0.177777
0 0.503087 0.098611 0.109876 0.175000
0 0.598765 0.100347 0.101235 0.174305
0 0.693827 0.102777 0.098765 0.169444
0 0.781481 0.095487 0.086420 0.154861
0 0.846296 0.100000 0.114815 0.169444
0 0.932099 0.092013 0.096296 0.175695
0 0.919136 0.314584 0.087655 0.083333
0 0.812345 0.321180 0.096296 0.086805
0 0.727160 0.329861 0.064197 0.079167
0 0.616667 0.329861 0.127160 0.084723
0 0.493209 0.337153 0.092592 0.078472
0 0.374075 0.346180 0.086420 0.088195
0 0.286420 0.347569 0.098765 0.079861
0 0.206791 0.351041 0.117284 0.072917
0 0.111111 0.410764 0.103704 0.079861
0 0.027777 0.411111 0.055555 0.079167
0 0.122223 0.612153 0.167901 0.146528
0 0.245679 0.617708 0.185185 0.147916
0 0.366667 0.592013 0.162963 0.161805
0 0.525925 0.560764 0.190124 0.189583
0 0.732099 0.541320 0.175308 0.174305
0 0.918519 0.526736 0.160493 0.163195
0 0.918519 0.711459 0.160493 0.125695
0 0.743827 0.746180 0.203704 0.163195
0 0.582099 0.759028 0.191359 0.159723
0 0.395679 0.775347 0.211111 0.156251
0 0.160493 0.798611 0.256791 0.152777
