0 0.493055 0.054687 0.223765 0.109375
0 0.730710 0.055990 0.270062 0.111979
0 0.918210 0.391493 0.163580 0.184028
0 0.763117 0.399305 0.260802 0.157987
0 0.588735 0.372395 0.248457 0.154513
0 0.392747 0.358942 0.325617 0.155382
0 0.080247 0.641493 0.160493 0.163195
0 0.341822 0.669705 0.245370 0.157118
0 0.550155 0.676650 0.229938 0.146702
0 0.777007 0.703125 0.260802 0.166667
0 0.937500 0.737847 0.124999 0.100695
0 0.629630 0.881945 0.169753 0.133680
0 0.379630 0.852430 0.138888 0.111112
0 0.101852 0.843317 0.203703 0.136285
0 0.108025 0.938368 0.216050 0.121528
0 0.504630 0.926650 0.141975 0.098090
