0 0.069753 0.131251 0.139505 0.140277
0 0.262345 0.130556 0.218519 0.165277
0 0.437037 0.124305 0.187655 0.162500
0 0.814815 0.127084 0.177777 0.156944
0 0.938272 0.119444 0.103704 0.136111
0 0.737037 0.326736 0.167901 0.120139
0 0.854321 0.314236 0.150617 0.127083
0 0.592592 0.336111 0.138272 0.125000
0 0.245679 0.352083 0.197531 0.123611
0 0.091975 0.368751 0.183951 0.133333
0 0.049383 0.575000 0.098765 0.152777
0 0.166667 0.580556 0.160493 0.147223
0 0.335803 0.556944 0.177777 0.140277
0 0.455556 0.542013 0.153087 0.115972
0 0.577777 0.530903 0.118519 0.134028
0 0.716049 0.511805 0.167901 0.133333
0 0.846296 0.504167 0.137037 0.118056
0 0.817284 0.667013 0.138272 0.114584
0 0.690741 0.677777 0.171605 0.130556
0 0.531481 0.704513 0.188889 0.138195
0 0.411728 0.725695 0.156791 0.133333
0 0.330247 0.743403 0.183951 0.129861
