0 0.222223 0.132987 0.224692 0.178472
0 0.450617 0.129861 0.251852 0.179167
0 0.648148 0.142361 0.195061 0.181944
0 0.885802 0.143056 0.228395 0.177777
0 0.238272 0.406597 0.241975 0.177083
0 0.435185 0.411111 0.225925 0.134723
0 0.626543 0.406944 0.206173 0.168056
0 0.824075 0.405556 0.228395 0.170833
0 0.894444 0.624653 0.188889 0.139584
0 0.720988 0.617361 0.244444 0.141667
0 0.584568 0.577777 0.159259 0.097223
0 0.397531 0.626389 0.256791 0.170833
0 0.242592 0.632639 0.208641 0.144444
0 0.137037 0.815972 0.274075 0.145833
