0 0.083951 0.085764 0.167901 0.171527
0 0.379629 0.087848 0.292592 0.175695
0 0.824692 0.096528 0.274075 0.193056
0 0.910494 0.349653 0.179012 0.168749
0 0.757408 0.357292 0.253087 0.175695
0 0.559259 0.358333 0.301235 0.186111
0 0.356791 0.378472 0.239507 0.176389
0 0.134568 0.377777 0.224692 0.169444
0 0.090124 0.643056 0.180247 0.181944
0 0.249383 0.639236 0.254321 0.177083
0 0.580864 0.586805 0.213580 0.145833
0 0.770371 0.586111 0.180247 0.125000
0 0.941975 0.589931 0.116049 0.154861
0 0.904939 0.763541 0.190123 0.113195
