0 0.200000 0.264583 0.222223 0.222223
0 0.419753 0.265625 0.269136 0.215972
0 0.654939 0.264583 0.230864 0.222223
0 0.867901 0.277084 0.256791 0.200000
0 0.121605 0.551736 0.201235 0.184028
0 0.311111 0.539931 0.160493 0.163195
0 0.722223 0.559028 0.162963 0.166667
0 0.538889 0.558333 0.196296 0.165277
0 0.906173 0.562500 0.185185 0.169444
0 0.127160 0.793403 0.160493 0.186805
0 0.409876 0.802083 0.190124 0.173611
0 0.277160 0.792361 0.179012 0.175000
0 0.590124 0.810069 0.180247 0.149305
0 0.746913 0.809723 0.150617 0.150000
0 0.874692 0.810764 0.176543 0.189583
