0 0.243827 0.286459 0.255556 0.221528
0 0.598148 0.293751 0.228395 0.215277
0 0.809259 0.295139 0.213580 0.188889
0 0.172840 0.568749 0.153087 0.166667
0 0.370371 0.567361 0.217284 0.175000
0 0.599383 0.573264 0.211111 0.160417
0 0.795061 0.569444 0.237037 0.168056
0 0.890740 0.827431 0.218519 0.164584
0 0.717901 0.811459 0.213580 0.172917
0 0.162963 0.789236 0.274075 0.196528
0 0.356791 0.791320 0.229629 0.199305
0 0.093209 0.957986 0.151852 0.084027
0 0.229629 0.958333 0.150617 0.083334
0 0.367284 0.960416 0.201235 0.079167
0 0.917901 0.971528 0.139507 0.056944
