0 0.261728 0.052431 0.365432 0.104861
0 0.503087 0.051736 0.265432 0.103472
0 0.641359 0.053819 0.201235 0.107639
0 0.795679 0.059375 0.265432 0.118750
0 0.079013 0.312500 0.158025 0.119444
0 0.301235 0.303820 0.298765 0.177083
0 0.568519 0.307639 0.203704 0.151389
0 0.090741 0.537153 0.181482 0.206251
0 0.250617 0.531944 0.158025 0.184723
0 0.426543 0.534375 0.270371 0.203472
0 0.608025 0.532987 0.196296 0.192361
0 0.769136 0.538195 0.140741 0.190277
0 0.913580 0.565625 0.172839 0.160417
0 0.079630 0.795139 0.159259 0.129167
0 0.241975 0.776736 0.222223 0.134028
0 0.654321 0.773264 0.241975 0.160417
0 0.878395 0.757639 0.201235 0.183333
0 0.948766 0.938542 0.102469 0.122916
0 0.618519 0.936806 0.204939 0.126389
0 0.264197 0.940972 0.180247 0.118056
0 0.720371 0.938889 0.139507 0.122222
0 0.065432 0.940972 0.130864 0.118055
0 0.443209 0.712153 0.150617 0.090972
