0 0.096914 0.052431 0.193827 0.104862
0 0.521605 0.053472 0.203704 0.070833
0 0.314197 0.050000 0.216049 0.076389
0 0.703704 0.056249 0.209876 0.061111
0 0.893209 0.278125 0.208641 0.171528
0 0.566667 0.270487 0.175308 0.178472
0 0.739507 0.263541 0.180247 0.165972
0 0.278395 0.271528 0.201235 0.155556
0 0.416049 0.269444 0.150617 0.148611
0 0.076543 0.268056 0.153086 0.134723
0 0.071605 0.504861 0.143211 0.147223
0 0.237655 0.503472 0.206173 0.138889
0 0.396296 0.505208 0.160493 0.150695
0 0.578395 0.501041 0.218519 0.152083
0 0.866667 0.502084 0.133333 0.130556
0 0.743827 0.496875 0.218519 0.145139
0 0.816049 0.696180 0.185185 0.157639
0 0.637037 0.693403 0.172840 0.152083
0 0.491975 0.707987 0.166667 0.147916
0 0.308641 0.699305 0.160493 0.118056
0 0.150617 0.704167 0.207408 0.111111
0 0.459259 0.866667 0.165432 0.116667
0 0.712963 0.878820 0.179012 0.072917
