0 0.031481 0.245833 0.062963 0.133333
0 0.100617 0.252777 0.095061 0.152777
0 0.201235 0.253820 0.106173 0.152083
0 0.319753 0.247916 0.113580 0.134723
0 0.430247 0.268403 0.112345 0.185417
0 0.537037 0.271528 0.116049 0.184723
0 0.642592 0.275000 0.114815 0.191667
0 0.756173 0.263889 0.070371 0.177777
0 0.836420 0.265277 0.109876 0.175000
0 0.932099 0.267013 0.101235 0.174305
0 0.943210 0.496528 0.113580 0.084723
0 0.826543 0.503820 0.092592 0.078472
0 0.707408 0.512847 0.086420 0.088195
0 0.619753 0.514236 0.098765 0.079861
0 0.540124 0.517708 0.117284 0.072917
0 0.444444 0.577431 0.103704 0.079861
0 0.341975 0.577777 0.093827 0.079167
0 0.236420 0.598959 0.122223 0.103472
0 0.123457 0.566667 0.113580 0.184723
0 0.039507 0.553820 0.079012 0.172917
0 0.098148 0.819792 0.191359 0.152083
0 0.279012 0.808333 0.224692 0.134723
0 0.455556 0.778820 0.167901 0.146528
0 0.579012 0.784375 0.185185 0.147916
0 0.700000 0.758680 0.162963 0.161805
0 0.859259 0.727431 0.190124 0.189583
0 0.909876 0.922917 0.180247 0.154167
0 0.729012 0.931944 0.211111 0.136112
0 0.493827 0.944444 0.256791 0.111111
