0 0.053240 0.141927 0.106481 0.283854
0 0.174383 0.146267 0.129630 0.254340
0 0.405093 0.153647 0.146605 0.230903
0 0.502315 0.161892 0.168210 0.247397
0 0.663580 0.161892 0.148148 0.261285
0 0.783950 0.156683 0.089507 0.236978
0 0.841050 0.183593 0.077160 0.240452
0 0.931327 0.172743 0.131173 0.222222
0 0.068673 0.518228 0.137346 0.168403
0 0.204475 0.543837 0.140432 0.231772
0 0.337963 0.547743 0.145062 0.230903
0 0.469907 0.552083 0.143518 0.239583
0 0.611883 0.538195 0.087963 0.222222
0 0.712192 0.539930 0.137345 0.218750
0 0.831790 0.542100 0.126543 0.217882
0 0.944444 0.545138 0.111112 0.211805
0 0.920525 0.402778 0.158951 0.059028
0 0.976080 0.828993 0.047840 0.098958
0 0.854167 0.828993 0.158950 0.105903
0 0.699845 0.838108 0.115740 0.098090
0 0.550927 0.849392 0.108025 0.110243
0 0.441358 0.851128 0.123457 0.099827
0 0.341822 0.855468 0.146605 0.091147
0 0.222222 0.930122 0.129630 0.099827
0 0.094135 0.930555 0.117283 0.098958
