0 0.079012 0.061111 0.148148 0.122222
0 0.245679 0.061111 0.170371 0.122222
0 0.377160 0.042361 0.132099 0.084721
0 0.561728 0.071528 0.145679 0.143055
0 0.678395 0.064583 0.211111 0.129167
0 0.798148 0.071528 0.181481 0.143056
0 0.925308 0.070834 0.146913 0.141667
0 0.943827 0.396180 0.109876 0.202083
0 0.826543 0.395487 0.191359 0.209028
0 0.704321 0.394097 0.144444 0.211805
0 0.444444 0.380903 0.160493 0.203472
0 0.312345 0.377084 0.165432 0.180556
0 0.224075 0.370487 0.132099 0.196528
0 0.080247 0.350347 0.135803 0.178472
0 0.063580 0.700695 0.127160 0.097223
0 0.161728 0.708333 0.130864 0.104167
0 0.299383 0.657639 0.109876 0.105556
0 0.407408 0.664583 0.111111 0.094444
0 0.500617 0.670139 0.139507 0.088889
0 0.664815 0.681944 0.137037 0.105556
0 0.822840 0.692361 0.149383 0.112500
0 0.704939 0.924306 0.266667 0.151389
0 0.508025 0.941319 0.216049 0.117361
0 0.316667 0.942014 0.196296 0.115972
0 0.187037 0.942014 0.176543 0.115972
