0 0.671297 0.158420 0.209877 0.150173
0 0.817902 0.142795 0.188272 0.158853
0 0.490740 0.170138 0.172840 0.156250
0 0.090277 0.190103 0.180555 0.154513
0 0.169753 0.446180 0.222222 0.175347
0 0.319445 0.427517 0.191358 0.144965
0 0.472222 0.413628 0.148148 0.167535
0 0.645062 0.389757 0.209877 0.166667
0 0.807870 0.380208 0.171297 0.147570
0 0.771605 0.583767 0.172840 0.143230
0 0.613427 0.597222 0.214507 0.163195
0 0.414352 0.630642 0.236112 0.172743
0 0.264660 0.657118 0.195988 0.166667
0 0.162808 0.679253 0.229938 0.162327
