0 0.158178 0.247397 0.199073 0.175347
0 0.411265 0.246528 0.273148 0.206597
0 0.629630 0.238715 0.234568 0.203125
0 0.949846 0.491753 0.100308 0.150173
0 0.824073 0.503472 0.172840 0.156250
0 0.390432 0.523437 0.246913 0.154513
0 0.183642 0.544272 0.259260 0.166667
0 0.103395 0.802083 0.206790 0.190972
0 0.291667 0.809028 0.200617 0.184028
0 0.503087 0.779513 0.222222 0.175347
0 0.652778 0.760850 0.191358 0.144965
0 0.805555 0.746962 0.148148 0.167535
0 0.936728 0.723090 0.126543 0.166667
0 0.919753 0.924479 0.160493 0.151042
0 0.747685 0.938802 0.236112 0.122397
0 0.597993 0.953559 0.195988 0.092882
