0 0.102469 0.286459 0.204938 0.221528
0 0.431481 0.293751 0.228395 0.215277
0 0.642592 0.295139 0.213580 0.188889
0 0.869136 0.292708 0.261729 0.204861
0 0.041358 0.568749 0.082717 0.166667
0 0.203704 0.567361 0.217284 0.175000
0 0.432716 0.573264 0.211111 0.160417
0 0.628395 0.569444 0.237037 0.168056
0 0.869136 0.585764 0.244444 0.171528
0 0.920988 0.838541 0.158025 0.167361
0 0.743209 0.827431 0.256791 0.164584
0 0.551235 0.811459 0.213580 0.172917
0 0.066667 0.789236 0.133333 0.196528
0 0.190124 0.791320 0.229629 0.199305
0 0.069136 0.958333 0.138271 0.083334
0 0.200617 0.960416 0.201235 0.079167
0 0.751235 0.971528 0.139507 0.056944
