0 0.949846 0.158420 0.100308 0.150173
0 0.824073 0.170138 0.172840 0.156250
0 0.390432 0.190103 0.246913 0.154513
0 0.183642 0.210938 0.259260 0.166667
0 0.103395 0.468750 0.206790 0.190972
0 0.291667 0.475695 0.200617 0.184028
0 0.503087 0.446180 0.222222 0.175347
0 0.652778 0.427517 0.191358 0.144965
0 0.805555 0.413628 0.148148 0.167535
0 0.936728 0.389757 0.126543 0.166667
0 0.919753 0.597222 0.160493 0.163195
0 0.747685 0.630642 0.236112 0.172743
0 0.597993 0.657118 0.195988 0.166667
0 0.496142 0.679253 0.229938 0.162327
0 0.079475 0.740017 0.158951 0.216147
