0 0.122222 0.153125 0.244445 0.192361
0 0.354321 0.157987 0.241975 0.196528
0 0.578395 0.165277 0.277777 0.186111
0 0.809259 0.168403 0.265432 0.184028
0 0.158025 0.470487 0.185185 0.171528
0 0.375308 0.458333 0.279012 0.159723
0 0.614815 0.471875 0.269136 0.192361
0 0.845061 0.489236 0.208641 0.114584
0 0.182099 0.725695 0.218519 0.148611
0 0.375308 0.727083 0.202469 0.145833
0 0.647531 0.718056 0.161728 0.150000
0 0.806791 0.722223 0.216049 0.155556
0 0.116667 0.927430 0.188889 0.145139
0 0.283333 0.938889 0.220988 0.122223
0 0.487655 0.943750 0.209876 0.112499
0 0.655556 0.939583 0.187655 0.120834
0 0.824692 0.938542 0.175308 0.122917
