0 0.090124 0.151389 0.155556 0.169444
0 0.293827 0.144444 0.251852 0.177777
0 0.535185 0.146875 0.267901 0.186805
0 0.775925 0.163541 0.198765 0.118751
0 0.108641 0.392013 0.214815 0.152083
0 0.302469 0.397569 0.172840 0.146528
0 0.575925 0.385764 0.169136 0.150695
0 0.737037 0.383333 0.229629 0.158333
0 0.917901 0.387153 0.164198 0.147916
0 0.061728 0.620139 0.123457 0.172223
0 0.238889 0.622916 0.188889 0.156944
0 0.417901 0.625000 0.198765 0.147223
0 0.609876 0.621875 0.160493 0.153472
0 0.766667 0.614931 0.162963 0.156251
0 0.916049 0.609028 0.167901 0.150000
0 0.068519 0.838541 0.137037 0.185417
0 0.304321 0.783333 0.124692 0.091667
0 0.448765 0.826041 0.164197 0.153472
0 0.562345 0.826736 0.132099 0.135416
0 0.702469 0.811459 0.212345 0.160417
0 0.925309 0.804167 0.149383 0.159723
