0 0.067284 0.119792 0.134569 0.179861
0 0.226543 0.131251 0.159259 0.140277
0 0.429012 0.130556 0.218519 0.165277
0 0.603704 0.124305 0.187655 0.162500
0 0.946296 0.127084 0.107407 0.156944
0 0.903704 0.326736 0.167901 0.120139
0 0.759259 0.336111 0.138272 0.125000
0 0.412345 0.352083 0.197531 0.123611
0 0.082099 0.375695 0.164197 0.147223
0 0.246913 0.368751 0.207408 0.133333
0 0.165432 0.575000 0.200000 0.152777
0 0.333333 0.580556 0.160493 0.147223
0 0.502469 0.556944 0.177777 0.140277
0 0.622223 0.542013 0.153087 0.115972
0 0.744444 0.530903 0.118519 0.134028
0 0.882716 0.511805 0.167901 0.133333
0 0.957407 0.667013 0.085185 0.114584
0 0.857408 0.677777 0.171605 0.130556
0 0.698148 0.704513 0.188889 0.138195
0 0.578395 0.725695 0.156791 0.133333
0 0.496913 0.743403 0.183951 0.129861
0 0.114815 0.792013 0.224692 0.172917
