0 0.038580 0.214410 0.077161 0.230903
0 0.136573 0.218750 0.143518 0.239583
0 0.278550 0.204862 0.087963 0.222222
0 0.378858 0.206597 0.137345 0.218750
0 0.498457 0.208767 0.126543 0.217882
0 0.617283 0.211805 0.123457 0.211805
0 0.726852 0.202692 0.108025 0.193577
0 0.682870 0.069445 0.350308 0.059028
0 0.807870 0.208333 0.143518 0.211805
0 0.915123 0.198350 0.120370 0.219618
0 0.898920 0.476563 0.109568 0.104167
0 0.765432 0.484808 0.120370 0.108507
0 0.658950 0.495660 0.080247 0.098958
0 0.520833 0.495660 0.158950 0.105903
0 0.366512 0.504775 0.115740 0.098090
0 0.217593 0.516058 0.108025 0.110243
0 0.108025 0.517795 0.123457 0.099827
0 0.040895 0.522135 0.081791 0.091147
0 0.086420 0.855468 0.172839 0.184895
0 0.208333 0.823350 0.203703 0.202257
0 0.407407 0.784288 0.237655 0.236978
0 0.665123 0.759983 0.219135 0.217882
0 0.898148 0.741753 0.200617 0.203993
0 0.898148 0.947049 0.200617 0.105902
