0 0.206018 0.144532 0.226852 0.209202
0 0.414352 0.142795 0.248457 0.212673
0 0.662808 0.128472 0.245370 0.220487
0 0.879630 0.130642 0.200617 0.210937
0 0.894290 0.489583 0.211420 0.178820
0 0.706790 0.487413 0.216050 0.143230
0 0.550155 0.493490 0.211420 0.148438
0 0.327160 0.514323 0.262345 0.153647
0 0.927469 0.774740 0.145062 0.080730
0 0.768518 0.750433 0.191358 0.138020
0 0.547068 0.752170 0.214507 0.169270
0 0.370370 0.769532 0.234568 0.158853
0 0.097222 0.782118 0.194444 0.166667
0 0.111112 0.954861 0.200617 0.090278
0 0.416667 0.947483 0.114198 0.099827
0 0.638888 0.933160 0.141975 0.107638
