0 0.601235 0.049653 0.244444 0.099305
0 0.096297 0.268403 0.192593 0.217361
0 0.324692 0.224305 0.192592 0.115277
0 0.351852 0.331249 0.197531 0.109723
0 0.561111 0.312847 0.260493 0.154861
0 0.588889 0.196875 0.251852 0.113195
0 0.848765 0.309375 0.300000 0.177083
0 0.068519 0.569097 0.137037 0.167361
0 0.330864 0.558333 0.227160 0.227777
0 0.561728 0.561805 0.254321 0.227777
0 0.769753 0.563195 0.235803 0.209723
0 0.917901 0.563541 0.164197 0.206251
0 0.085802 0.803472 0.171605 0.159723
0 0.546913 0.822917 0.204939 0.151389
0 0.348148 0.791667 0.256791 0.213889
0 0.730247 0.829861 0.235803 0.147223
