0 0.202469 0.215625 0.303704 0.217361
0 0.445679 0.244792 0.256791 0.193751
0 0.725925 0.230208 0.318519 0.220139
0 0.908025 0.260416 0.181481 0.159723
0 0.056173 0.231249 0.112346 0.172223
0 0.075308 0.532639 0.150617 0.176389
0 0.251235 0.528125 0.216049 0.189583
0 0.427777 0.538195 0.223457 0.187500
0 0.667284 0.558680 0.265432 0.170139
0 0.882099 0.571528 0.220988 0.162500
0 0.806791 0.869097 0.230864 0.171528
0 0.635185 0.859375 0.339507 0.167361
0 0.420988 0.846528 0.170371 0.147223
0 0.277160 0.852777 0.208641 0.126389
0 0.137655 0.831249 0.198765 0.123611
