0 0.207408 0.119792 0.187655 0.179861
0 0.393209 0.131251 0.159259 0.140277
0 0.595679 0.130556 0.218519 0.165277
0 0.770371 0.124305 0.187655 0.162500
0 0.925925 0.336111 0.138272 0.125000
0 0.579012 0.352083 0.197531 0.123611
0 0.233333 0.375695 0.195061 0.147223
0 0.413580 0.368751 0.207408 0.133333
0 0.332099 0.575000 0.200000 0.152777
0 0.500000 0.580556 0.160493 0.147223
0 0.669136 0.556944 0.177777 0.140277
0 0.788889 0.542013 0.153087 0.115972
0 0.911111 0.530903 0.118519 0.134028
0 0.864815 0.704513 0.188889 0.138195
0 0.745061 0.725695 0.156791 0.133333
0 0.663580 0.743403 0.183951 0.129861
0 0.281481 0.792013 0.224692 0.172917
