0 0.369136 0.215625 0.303704 0.217361
0 0.612345 0.244792 0.256791 0.193751
0 0.866666 0.230208 0.266667 0.220139
0 0.191359 0.231249 0.175308 0.172223
0 0.088272 0.520833 0.176544 0.194444
0 0.227777 0.532639 0.179012 0.176389
0 0.417901 0.528125 0.216049 0.189583
0 0.594444 0.538195 0.223457 0.187500
0 0.833951 0.558680 0.265432 0.170139
0 0.929013 0.869097 0.141975 0.171528
0 0.801852 0.859375 0.339507 0.167361
0 0.587655 0.846528 0.170371 0.147223
0 0.443827 0.852777 0.208641 0.126389
0 0.304321 0.831249 0.198765 0.123611
0 0.147531 0.820487 0.260493 0.124305
