0 0.857408 0.153125 0.196296 0.228472
0 0.653087 0.150000 0.143209 0.202777
0 0.529629 0.145833 0.135803 0.194444
0 0.412963 0.143403 0.109876 0.193751
0 0.312345 0.140277 0.116049 0.205556
0 0.188272 0.135764 0.119753 0.197917
0 0.072223 0.134375 0.117284 0.192361
0 0.053087 0.398611 0.088889 0.087500
0 0.209259 0.402777 0.119753 0.095833
0 0.348765 0.399305 0.114815 0.088889
0 0.485185 0.407987 0.091359 0.111805
0 0.590741 0.423959 0.109876 0.113195
0 0.873457 0.443403 0.225925 0.184028
0 0.911728 0.696180 0.176543 0.204861
0 0.528395 0.669097 0.274075 0.193751
0 0.286420 0.651041 0.320988 0.203472
0 0.101235 0.645487 0.202469 0.200695
0 0.150617 0.870487 0.237037 0.152083
0 0.358641 0.885416 0.297531 0.170833
0 0.640741 0.892013 0.234568 0.152083
