0 0.145062 0.054688 0.182098 0.109376
0 0.304012 0.056424 0.188272 0.112847
0 0.603395 0.054687 0.188272 0.109375
0 0.726852 0.062934 0.182098 0.125868
0 0.873457 0.067274 0.157407 0.134548
0 0.178240 0.325955 0.121913 0.118923
0 0.294753 0.329427 0.104938 0.125868
0 0.425927 0.332465 0.108025 0.116320
0 0.608797 0.339410 0.155865 0.109375
0 0.784722 0.344618 0.137345 0.130208
0 0.943673 0.346353 0.112654 0.116320
0 0.747685 0.669705 0.356482 0.240452
0 0.486883 0.679253 0.291667 0.209202
0 0.277007 0.684028 0.171297 0.185763
0 0.088735 0.674913 0.177468 0.181423
0 0.211420 0.916667 0.385802 0.164930
0 0.533950 0.927517 0.299383 0.143230
0 0.825617 0.934462 0.320988 0.129340
