0 0.194444 0.162500 0.216049 0.188889
0 0.428395 0.167361 0.365432 0.208333
0 0.669753 0.167708 0.265432 0.204861
0 0.808025 0.186111 0.201235 0.176389
0 0.914815 0.191667 0.170371 0.187500
0 0.188889 0.479167 0.271605 0.119444
0 0.467901 0.470487 0.298765 0.177083
0 0.735185 0.474305 0.203704 0.151389
0 0.076543 0.702431 0.148148 0.200695
0 0.237037 0.703820 0.222223 0.206251
0 0.417284 0.698611 0.158025 0.184723
0 0.593209 0.701041 0.270371 0.203472
0 0.774692 0.699653 0.196296 0.192361
0 0.932716 0.704861 0.134568 0.190277
0 0.095679 0.916319 0.191358 0.167362
0 0.231481 0.948611 0.188889 0.102778
0 0.408641 0.938194 0.222223 0.123611
0 0.820988 0.929861 0.241975 0.140278
0 0.609876 0.878820 0.150617 0.090972
