0 0.072531 0.153647 0.145062 0.230903
0 0.168982 0.161892 0.168210 0.247397
0 0.330247 0.161892 0.148148 0.261285
0 0.450617 0.156683 0.089507 0.236978
0 0.507717 0.183593 0.077160 0.240452
0 0.597993 0.172743 0.131173 0.222222
0 0.747685 0.136285 0.131173 0.159722
0 0.832562 0.186632 0.069445 0.203125
0 0.897377 0.197048 0.112655 0.223958
0 0.038580 0.547743 0.077161 0.230903
0 0.136573 0.552083 0.143518 0.239583
0 0.278550 0.538195 0.087963 0.222222
0 0.378858 0.539930 0.137345 0.218750
0 0.498457 0.542100 0.126543 0.217882
0 0.617283 0.545138 0.123457 0.211805
0 0.726852 0.536025 0.108025 0.193577
0 0.682870 0.402778 0.350308 0.059028
0 0.807870 0.541667 0.143518 0.211805
0 0.915123 0.531683 0.120370 0.219618
0 0.898920 0.809897 0.109568 0.104167
0 0.765432 0.818142 0.120370 0.108507
0 0.658950 0.828993 0.080247 0.098958
0 0.520833 0.828993 0.158950 0.105903
0 0.366512 0.838108 0.115740 0.098090
0 0.217593 0.849392 0.108025 0.110243
0 0.108025 0.851128 0.123457 0.099827
0 0.040895 0.855468 0.081791 0.091147
