0 0.767901 0.049653 0.244444 0.099305
0 0.239507 0.268403 0.239507 0.217361
0 0.491359 0.224305 0.192592 0.115277
0 0.518519 0.331249 0.197531 0.109723
0 0.727777 0.312847 0.260493 0.154861
0 0.755556 0.196875 0.251852 0.113195
0 0.190741 0.569097 0.225925 0.167361
0 0.497531 0.558333 0.227160 0.227777
0 0.728395 0.561805 0.254321 0.227777
0 0.909259 0.563195 0.181481 0.209723
0 0.228395 0.803472 0.219753 0.159723
0 0.713580 0.822917 0.204939 0.151389
0 0.514815 0.791667 0.256791 0.213889
0 0.889506 0.829861 0.220988 0.147223
