0 0.099383 0.110069 0.198765 0.181249
0 0.364197 0.115625 0.279012 0.128472
0 0.765432 0.112153 0.244444 0.161805
0 0.063580 0.331249 0.127160 0.181944
0 0.204939 0.336111 0.170371 0.183333
0 0.384568 0.332639 0.223457 0.184723
0 0.534568 0.337153 0.158025 0.159028
0 0.683333 0.350695 0.176543 0.143056
0 0.832716 0.350695 0.188889 0.140277
0 0.087655 0.554861 0.175308 0.119444
0 0.432099 0.539236 0.212345 0.153472
0 0.644444 0.538889 0.167901 0.168056
0 0.824692 0.536459 0.158025 0.163195
0 0.108025 0.720139 0.169136 0.152777
0 0.423457 0.744444 0.207408 0.162500
0 0.548765 0.726736 0.129629 0.161805
0 0.793827 0.723611 0.167901 0.144444
