0 0.264197 0.161459 0.192592 0.189583
0 0.093827 0.164931 0.187655 0.210416
0 0.425308 0.155556 0.262963 0.205556
0 0.670988 0.162500 0.216049 0.229167
0 0.864815 0.160764 0.267901 0.207639
0 0.075926 0.431597 0.151851 0.178472
0 0.230247 0.437153 0.191359 0.192361
0 0.482099 0.447917 0.230864 0.197223
0 0.673457 0.454167 0.166667 0.201389
0 0.073457 0.661459 0.146914 0.153472
0 0.870988 0.456597 0.218519 0.196528
0 0.169753 0.678820 0.216049 0.149305
0 0.339507 0.694444 0.234568 0.183333
0 0.562963 0.692013 0.256791 0.192361
0 0.331481 0.896180 0.220988 0.146528
0 0.774075 0.707292 0.256791 0.185417
0 0.658025 0.924653 0.227160 0.086805
