0 0.714197 0.189583 0.107408 0.231944
0 0.836420 0.191320 0.151852 0.236805
0 0.937655 0.199305 0.124691 0.236111
0 0.322223 0.180556 0.303704 0.200000
0 0.523457 0.216320 0.202469 0.172917
0 0.087037 0.201736 0.174074 0.193751
0 0.095679 0.502777 0.191358 0.197223
0 0.308025 0.529861 0.285185 0.183333
0 0.488272 0.536459 0.201235 0.168749
0 0.718519 0.517361 0.128395 0.161111
0 0.810493 0.527084 0.117284 0.168056
0 0.916667 0.518056 0.149383 0.169444
0 0.960494 0.901736 0.079012 0.093749
0 0.867284 0.896528 0.117284 0.095833
0 0.782716 0.846180 0.143209 0.185417
0 0.692592 0.830556 0.140741 0.198611
0 0.453704 0.844097 0.240741 0.142361
0 0.269136 0.813889 0.266667 0.152777
0 0.088272 0.816320 0.176543 0.147916
