0 0.099383 0.217361 0.198765 0.237500
0 0.304321 0.231597 0.243209 0.193751
0 0.569136 0.226389 0.318519 0.225000
0 0.753704 0.250695 0.277777 0.152777
0 0.958642 0.225695 0.082715 0.229167
0 0.138889 0.520833 0.270371 0.188889
0 0.303704 0.525695 0.224692 0.188889
0 0.532099 0.550695 0.251852 0.166667
0 0.739507 0.558680 0.207408 0.170139
0 0.947531 0.534723 0.104939 0.161111
0 0.917901 0.837500 0.127160 0.176389
0 0.678395 0.854513 0.265432 0.154861
0 0.503704 0.855208 0.232099 0.161805
0 0.318519 0.837153 0.185185 0.146528
0 0.166667 0.839236 0.187655 0.113195
0 0.077778 0.820487 0.155555 0.131249
