0 0.169753 0.054167 0.196296 0.108333
0 0.908025 0.053125 0.181481 0.106250
0 0.653087 0.059375 0.185185 0.118751
0 0.177777 0.207292 0.160493 0.121528
0 0.076543 0.211459 0.153086 0.111805
0 0.659259 0.210417 0.195061 0.125000
0 0.826543 0.203125 0.161728 0.117361
0 0.791359 0.353472 0.197531 0.105556
0 0.672840 0.362500 0.133333 0.109723
0 0.172223 0.374653 0.201235 0.102084
0 0.044445 0.376389 0.088889 0.102777
0 0.211111 0.515972 0.153087 0.102777
0 0.074074 0.523264 0.148149 0.106249
0 0.238272 0.657292 0.160493 0.097917
0 0.611728 0.639584 0.129629 0.100000
0 0.711111 0.627777 0.108641 0.102777
0 0.822223 0.618056 0.162963 0.098611
0 0.238272 0.793403 0.180247 0.085416
