0 0.135802 0.240017 0.268518 0.190103
0 0.378087 0.246962 0.216050 0.183160
0 0.719907 0.232205 0.211420 0.188368
0 0.888889 0.229167 0.222222 0.197917
0 0.077160 0.525173 0.154321 0.215278
0 0.298612 0.528645 0.236112 0.196180
0 0.522377 0.531250 0.248457 0.184028
0 0.762345 0.527343 0.200617 0.191840
0 0.928241 0.518663 0.143518 0.195313
0 0.085648 0.798177 0.171297 0.231772
0 0.380402 0.729167 0.155865 0.114583
0 0.560957 0.782552 0.205247 0.191840
0 0.702932 0.783420 0.165123 0.169270
0 0.872685 0.764323 0.254629 0.200522
