0 0.043827 0.087153 0.087655 0.152083
0 0.153087 0.081249 0.113580 0.134723
0 0.263580 0.101736 0.112345 0.185417
0 0.370371 0.104861 0.116049 0.184723
0 0.475925 0.108333 0.114815 0.191667
0 0.589507 0.097223 0.070371 0.177777
0 0.669753 0.098611 0.109876 0.175000
0 0.765432 0.100347 0.101235 0.174305
0 0.860493 0.102777 0.098765 0.169444
0 0.948148 0.095487 0.086420 0.154861
0 0.965432 0.321180 0.069136 0.086805
0 0.893827 0.329861 0.064197 0.079167
0 0.783333 0.329861 0.127160 0.084723
0 0.659876 0.337153 0.092592 0.078472
0 0.540741 0.346180 0.086420 0.088195
0 0.453087 0.347569 0.098765 0.079861
0 0.373457 0.351041 0.117284 0.072917
0 0.277777 0.410764 0.103704 0.079861
0 0.175308 0.411111 0.093827 0.079167
0 0.069753 0.432292 0.122223 0.103472
0 0.112346 0.641667 0.224691 0.134723
0 0.288889 0.612153 0.167901 0.146528
0 0.412345 0.617708 0.185185 0.147916
0 0.533333 0.592013 0.162963 0.161805
0 0.692592 0.560764 0.190124 0.189583
0 0.898765 0.541320 0.175308 0.174305
0 0.904321 0.746180 0.191359 0.163195
0 0.748765 0.759028 0.191359 0.159723
0 0.562345 0.775347 0.211111 0.156251
0 0.327160 0.798611 0.256791 0.152777
0 0.069136 0.845487 0.138272 0.186805
