0 0.322840 0.088541 0.381481 0.177083
0 0.096296 0.397917 0.192592 0.222223
0 0.491359 0.419792 0.274075 0.213195
0 0.683333 0.412500 0.206173 0.195833
0 0.845679 0.403820 0.177777 0.196528
0 0.903087 0.672916 0.191359 0.166667
0 0.753704 0.680556 0.213580 0.136111
0 0.606791 0.682987 0.238272 0.168749
0 0.424075 0.690625 0.253087 0.175695
0 0.225925 0.691667 0.301235 0.186111
0 0.071605 0.711805 0.143211 0.176389
0 0.247531 0.920139 0.213580 0.145833
0 0.437037 0.919444 0.180247 0.125000
0 0.635803 0.922917 0.170371 0.154167
0 0.818519 0.903125 0.204939 0.171528
