0 0.106482 0.200087 0.212963 0.271702
0 0.333333 0.205728 0.277778 0.277778
0 0.608025 0.207032 0.336420 0.269965
0 0.878858 0.205728 0.242283 0.277778
0 0.060185 0.572917 0.120371 0.222222
0 0.235340 0.564670 0.251543 0.230035
0 0.472222 0.549913 0.200617 0.203993
0 0.942130 0.573785 0.115740 0.208333
0 0.756945 0.572917 0.245370 0.206597
0 0.096450 0.875000 0.192901 0.223958
0 0.242283 0.866753 0.200617 0.233507
0 0.595678 0.877603 0.237655 0.217013
0 0.429783 0.865452 0.223765 0.218750
0 0.820988 0.887587 0.225308 0.186632
