0 0.079012 0.184723 0.158024 0.225000
0 0.182099 0.189236 0.166667 0.213195
0 0.323457 0.196875 0.128395 0.200695
0 0.398765 0.201389 0.150617 0.220833
0 0.514197 0.194792 0.183951 0.215972
0 0.670988 0.200000 0.104939 0.180556
0 0.784568 0.197569 0.112345 0.175695
0 0.908025 0.190625 0.154321 0.196528
0 0.149383 0.525695 0.150617 0.190277
0 0.248148 0.536459 0.145679 0.195139
0 0.365432 0.542013 0.125925 0.197917
0 0.459876 0.538541 0.134568 0.193751
0 0.589507 0.550000 0.144444 0.184723
0 0.718519 0.552083 0.167901 0.209723
0 0.629012 0.421875 0.280247 0.063195
0 0.848148 0.558680 0.172840 0.218749
0 0.941359 0.555556 0.114815 0.195833
0 0.025309 0.799305 0.050618 0.093056
0 0.153704 0.804861 0.124692 0.087500
0 0.294444 0.809028 0.109876 0.104167
0 0.454321 0.810416 0.155556 0.093056
0 0.593209 0.823611 0.137037 0.093056
0 0.745061 0.823611 0.119753 0.093056
0 0.878395 0.828472 0.117284 0.086111
