0 0.342592 0.053125 0.196296 0.106250
0 0.503087 0.054167 0.196296 0.108333
0 0.193209 0.041667 0.149383 0.083333
0 0.511111 0.207292 0.160493 0.121528
0 0.379629 0.211459 0.213580 0.111805
0 0.947531 0.210417 0.104939 0.125000
0 0.969753 0.362500 0.060493 0.109723
0 0.505556 0.374653 0.201235 0.102084
0 0.337037 0.376389 0.170371 0.102777
0 0.206173 0.206944 0.172840 0.118056
0 0.544444 0.515972 0.153087 0.102777
0 0.402469 0.523264 0.158025 0.106249
0 0.270988 0.669444 0.119753 0.087500
0 0.571605 0.657292 0.160493 0.097917
0 0.940123 0.639584 0.119753 0.100000
0 0.571605 0.793403 0.180247 0.085416
