0 0.209876 0.107639 0.269136 0.215278
0 0.456173 0.111111 0.203704 0.222222
0 0.669136 0.122223 0.232099 0.213889
0 0.880864 0.116667 0.238272 0.233333
0 0.880864 0.413195 0.206173 0.169444
0 0.698148 0.415625 0.203704 0.177083
0 0.532099 0.410417 0.234568 0.177777
0 0.367284 0.399653 0.225925 0.171528
0 0.156791 0.374653 0.182716 0.160417
0 0.120371 0.630903 0.201235 0.185417
0 0.268519 0.632292 0.176543 0.188195
0 0.408641 0.638541 0.219753 0.181249
0 0.582716 0.641320 0.143209 0.164584
0 0.716667 0.641320 0.186420 0.184028
0 0.868519 0.644792 0.262963 0.163195
0 0.316667 0.851389 0.327160 0.190277
0 0.659259 0.893403 0.256791 0.138195
0 0.875308 0.863195 0.212345 0.179167
