0 0.752469 0.095139 0.228395 0.190277
0 0.520371 0.087153 0.218519 0.174305
0 0.290124 0.094792 0.227160 0.189583
0 0.079630 0.101389 0.159260 0.165277
0 0.044444 0.382292 0.088889 0.167361
0 0.164815 0.380903 0.198765 0.170139
0 0.363580 0.369444 0.196296 0.176389
0 0.537037 0.371180 0.160493 0.168749
0 0.741975 0.377777 0.251852 0.152777
0 0.929012 0.378820 0.141975 0.134028
0 0.867901 0.641320 0.192592 0.122917
0 0.716049 0.648611 0.200000 0.144444
0 0.550000 0.658333 0.171605 0.143056
0 0.398765 0.656597 0.172840 0.114584
0 0.273457 0.661459 0.169136 0.118751
0 0.100000 0.678125 0.199999 0.122917
0 0.863580 0.858333 0.119753 0.097223
0 0.735803 0.864236 0.175308 0.114584
0 0.583951 0.886459 0.133333 0.064584
0 0.448148 0.867013 0.153087 0.110416
0 0.270988 0.868403 0.171605 0.135416
0 0.129629 0.882292 0.187655 0.127083
0 0.767901 0.979514 0.091359 0.040972
