0 0.935957 0.351128 0.128087 0.254340
0 0.807098 0.346355 0.206790 0.225695
0 0.696760 0.338108 0.165123 0.245660
0 0.516975 0.312933 0.169753 0.223090
0 0.391203 0.295138 0.171297 0.217013
0 0.142747 0.287760 0.152778 0.216147
0 0.280093 0.286892 0.158950 0.203993
0 0.231482 0.685763 0.141975 0.225695
0 0.165895 0.666233 0.146605 0.250868
0 0.349537 0.751302 0.128087 0.134548
0 0.491512 0.750868 0.168210 0.121528
0 0.618827 0.760417 0.163580 0.130208
0 0.790895 0.697048 0.137345 0.131945
0 0.925927 0.705728 0.138888 0.118055
