0 0.801698 0.173612 0.344135 0.239583
0 0.537808 0.201823 0.322532 0.212673
0 0.316358 0.200520 0.253087 0.241320
0 0.121142 0.200087 0.242284 0.235243
0 0.938272 0.493055 0.123457 0.178820
0 0.808642 0.493923 0.203703 0.173612
0 0.608025 0.515192 0.216050 0.191840
0 0.417438 0.516927 0.248457 0.195313
0 0.235340 0.529513 0.245370 0.194445
0 0.131945 0.809462 0.195988 0.184895
0 0.300927 0.801650 0.200617 0.184895
0 0.487655 0.789063 0.203703 0.177083
0 0.643518 0.779948 0.145062 0.155382
0 0.794753 0.756945 0.163580 0.180555
0 0.787037 0.957465 0.209877 0.085069
