0 0.096296 0.231251 0.192592 0.222223
0 0.491359 0.253125 0.274075 0.213195
0 0.683333 0.245833 0.206173 0.195833
0 0.845679 0.237153 0.177777 0.196528
0 0.903087 0.506249 0.191359 0.166667
0 0.753704 0.513889 0.213580 0.136111
0 0.606791 0.516320 0.238272 0.168749
0 0.424075 0.523959 0.253087 0.175695
0 0.225925 0.525000 0.301235 0.186111
0 0.071605 0.545139 0.143211 0.176389
0 0.247531 0.753472 0.213580 0.145833
0 0.437037 0.752777 0.180247 0.125000
0 0.635803 0.756597 0.170371 0.154861
0 0.818519 0.736459 0.204939 0.171528
0 0.590124 0.930208 0.227160 0.113195
0 0.850000 0.923264 0.176543 0.089583
