0 0.976080 0.162327 0.047840 0.098958
0 0.854167 0.162327 0.158950 0.105903
0 0.699845 0.171442 0.115740 0.098090
0 0.550927 0.182725 0.108025 0.110243
0 0.441358 0.184462 0.123457 0.099827
0 0.341822 0.188802 0.146605 0.091147
0 0.222222 0.263455 0.129630 0.099827
0 0.094135 0.263888 0.117283 0.098958
0 0.077932 0.552083 0.155864 0.168403
0 0.236112 0.515192 0.209877 0.183160
0 0.390432 0.522135 0.231482 0.184895
0 0.541667 0.490017 0.203703 0.202257
0 0.740740 0.450955 0.237655 0.236978
0 0.944445 0.426650 0.111111 0.217882
0 0.810957 0.698785 0.239198 0.199653
0 0.577932 0.719183 0.263888 0.195313
0 0.283950 0.748263 0.320988 0.190972
