0 0.041976 0.137153 0.083951 0.171528
0 0.208641 0.125000 0.279012 0.159723
0 0.448148 0.138541 0.269136 0.192361
0 0.678395 0.155903 0.208641 0.114584
0 0.925925 0.138541 0.145679 0.171528
0 0.062346 0.392361 0.124691 0.148611
0 0.208641 0.393749 0.202469 0.145833
0 0.480864 0.384723 0.161728 0.150000
0 0.640124 0.388889 0.216049 0.155556
0 0.865432 0.397917 0.246913 0.133333
0 0.116667 0.629513 0.220988 0.170139
0 0.320988 0.624653 0.209876 0.140972
0 0.488889 0.623611 0.187655 0.155556
0 0.658025 0.622569 0.175308 0.157639
0 0.840124 0.623959 0.218519 0.154861
0 0.156791 0.789583 0.140741 0.093056
0 0.312963 0.841667 0.171605 0.143056
0 0.593209 0.827084 0.183951 0.154167
0 0.448765 0.836111 0.122223 0.145833
0 0.814815 0.826041 0.182716 0.165972
