0 0.072840 0.117013 0.103704 0.203472
0 0.257408 0.122917 0.117284 0.184723
0 0.335185 0.129513 0.134568 0.197917
0 0.464197 0.129513 0.118519 0.209028
0 0.560493 0.125347 0.071605 0.189583
0 0.606173 0.146875 0.061728 0.192361
0 0.678395 0.138195 0.104939 0.177777
0 0.798148 0.109028 0.104939 0.127777
0 0.866049 0.149305 0.055556 0.162500
0 0.917901 0.157639 0.090124 0.179167
0 0.096913 0.435069 0.112345 0.185417
0 0.203704 0.438195 0.116049 0.184723
0 0.309259 0.441667 0.114815 0.191667
0 0.422840 0.430556 0.070371 0.177777
0 0.503087 0.431944 0.109876 0.175000
0 0.598765 0.433680 0.101235 0.174305
0 0.693827 0.436111 0.098765 0.169444
0 0.781481 0.428820 0.086420 0.154861
0 0.746296 0.322223 0.280247 0.047223
0 0.846296 0.433333 0.114815 0.169444
0 0.932099 0.425347 0.096296 0.175695
0 0.919136 0.647917 0.087655 0.083333
0 0.812345 0.654513 0.096296 0.086805
0 0.727160 0.663195 0.064197 0.079167
0 0.616667 0.663195 0.127160 0.084723
0 0.493209 0.670487 0.092592 0.078472
0 0.374075 0.679513 0.086420 0.088195
0 0.286420 0.680903 0.098765 0.079861
0 0.206791 0.684375 0.117284 0.072917
0 0.111111 0.744097 0.103704 0.079861
0 0.027777 0.744444 0.055555 0.079167
0 0.122223 0.936111 0.167901 0.127777
0 0.245679 0.938542 0.185185 0.122917
0 0.366667 0.922222 0.162963 0.155556
0 0.525925 0.894097 0.190124 0.189583
0 0.732099 0.874653 0.175308 0.174305
0 0.918519 0.860069 0.160493 0.163195
