0 0.096296 0.087848 0.192592 0.175695
0 0.491359 0.096528 0.274075 0.193056
0 0.683333 0.088542 0.206173 0.177083
0 0.845679 0.084375 0.177777 0.168751
0 0.903087 0.339583 0.191359 0.166667
0 0.753704 0.347223 0.213580 0.136111
0 0.606791 0.349653 0.238272 0.168749
0 0.424075 0.357292 0.253087 0.175695
0 0.225925 0.358333 0.301235 0.186111
0 0.071605 0.378472 0.143211 0.176389
0 0.247531 0.586805 0.213580 0.145833
0 0.437037 0.586111 0.180247 0.125000
0 0.635803 0.589931 0.170371 0.154861
0 0.818519 0.569792 0.204939 0.171528
0 0.590124 0.763541 0.227160 0.113195
0 0.850000 0.756597 0.176543 0.089583
