0 0.894290 0.156250 0.211420 0.178820
0 0.706790 0.154080 0.216050 0.143230
0 0.550155 0.160157 0.211420 0.148438
0 0.327160 0.180990 0.262345 0.153647
0 0.927469 0.441407 0.145062 0.080730
0 0.768518 0.417100 0.191358 0.138020
0 0.547068 0.418837 0.214507 0.169270
0 0.370370 0.436198 0.234568 0.158853
0 0.097222 0.448785 0.194444 0.166667
0 0.111112 0.642795 0.200617 0.132812
0 0.121142 0.732205 0.202160 0.117187
0 0.416667 0.614150 0.114198 0.099827
0 0.537808 0.673177 0.128087 0.068577
0 0.638888 0.599827 0.141975 0.107638
