0 0.900000 0.103820 0.175308 0.178472
0 0.611728 0.104861 0.201235 0.155556
0 0.749383 0.102777 0.150617 0.148611
0 0.398765 0.101389 0.175308 0.134723
0 0.233951 0.100695 0.228395 0.163889
0 0.051852 0.110069 0.103704 0.160417
0 0.070988 0.354167 0.141975 0.136111
0 0.224692 0.342013 0.212345 0.131249
0 0.389507 0.338195 0.174075 0.147223
0 0.570988 0.336805 0.206173 0.138889
0 0.729629 0.338541 0.160493 0.150695
0 0.901234 0.334375 0.197531 0.152083
0 0.941975 0.526736 0.116049 0.152083
0 0.825308 0.541320 0.166667 0.147916
0 0.641975 0.532639 0.160493 0.118056
0 0.483951 0.537500 0.207408 0.111111
0 0.204321 0.548611 0.228395 0.138889
0 0.078395 0.548611 0.149383 0.148611
0 0.792592 0.700000 0.165432 0.116667
0 0.051852 0.110069 0.103704 0.160417
