0 0.290123 0.223525 0.305555 0.202257
0 0.658950 0.230903 0.206790 0.201388
0 0.883488 0.233073 0.229938 0.190103
0 0.050155 0.504775 0.100309 0.198785
0 0.187500 0.521702 0.220678 0.178820
0 0.374228 0.521702 0.236112 0.175347
0 0.624228 0.526910 0.263888 0.175347
0 0.854167 0.527778 0.273148 0.184028
0 0.138888 0.756945 0.209877 0.210070
0 0.741512 0.771267 0.279322 0.181423
0 0.364198 0.753907 0.197532 0.203993
0 0.902778 0.787327 0.191358 0.180555
0 0.325617 0.948785 0.209877 0.102431
0 0.894290 0.960503 0.186728 0.078994
