0 0.156791 0.182292 0.237037 0.182639
0 0.385185 0.200347 0.279012 0.202083
0 0.632099 0.204167 0.185185 0.161111
0 0.836420 0.195139 0.253087 0.186111
0 0.201852 0.480208 0.267901 0.186805
0 0.442592 0.496875 0.198765 0.118751
0 0.710493 0.478820 0.228395 0.160417
0 0.867901 0.475000 0.200000 0.161111
0 0.242592 0.719097 0.169136 0.150695
0 0.403704 0.716667 0.229629 0.158333
0 0.784568 0.712500 0.208641 0.156944
0 0.614197 0.720487 0.223457 0.147916
0 0.091975 0.942361 0.183951 0.115278
0 0.276543 0.939236 0.160493 0.121528
0 0.433333 0.935069 0.162963 0.129861
0 0.599383 0.933681 0.201235 0.132639
0 0.781481 0.936458 0.177777 0.127083
