0 0.135185 0.101042 0.270371 0.202083
0 0.366667 0.104514 0.222223 0.209027
0 0.586420 0.103472 0.269136 0.206945
0 0.821605 0.104514 0.230864 0.209027
0 0.103704 0.391667 0.185185 0.177777
0 0.288272 0.385069 0.201235 0.184028
0 0.477777 0.373264 0.160493 0.163195
0 0.888889 0.392361 0.162963 0.166667
0 0.705556 0.391667 0.196296 0.165277
0 0.145679 0.633333 0.217284 0.179167
0 0.293827 0.626736 0.160493 0.186805
0 0.576543 0.635416 0.190124 0.173611
0 0.443827 0.625695 0.179012 0.175000
0 0.756791 0.643403 0.180247 0.149305
0 0.913580 0.643056 0.150617 0.150000
0 0.912963 0.890277 0.174074 0.144444
0 0.614197 0.856597 0.285185 0.189583
0 0.168519 0.821180 0.216049 0.131249
