0 0.122223 0.061111 0.170371 0.122222
0 0.245679 0.061111 0.148148 0.122222
0 0.412345 0.061111 0.170371 0.122222
0 0.543827 0.042361 0.132099 0.084721
0 0.728395 0.071528 0.145679 0.143055
0 0.845061 0.064583 0.211111 0.129167
0 0.948765 0.395487 0.102470 0.209028
0 0.870988 0.394097 0.144444 0.211805
0 0.611111 0.380903 0.160493 0.203472
0 0.479012 0.377084 0.165432 0.180556
0 0.390741 0.370487 0.132099 0.196528
0 0.246913 0.350347 0.135803 0.178472
0 0.146296 0.336111 0.137037 0.173611
0 0.060494 0.329513 0.120988 0.163195
0 0.037654 0.648611 0.075309 0.180556
0 0.112963 0.701041 0.102469 0.107639
0 0.226543 0.700695 0.134568 0.097223
0 0.328395 0.708333 0.130864 0.104167
0 0.466049 0.657639 0.109876 0.105556
0 0.574075 0.664583 0.111111 0.094444
0 0.667284 0.670139 0.139507 0.088889
0 0.831481 0.681944 0.137037 0.105556
0 0.957408 0.692361 0.085185 0.112500
0 0.869136 0.924306 0.261728 0.151389
0 0.674692 0.941319 0.216049 0.117361
0 0.483333 0.942014 0.196296 0.115972
0 0.353704 0.942014 0.176543 0.115972
0 0.153087 0.926041 0.246913 0.147917
