0 0.212963 0.231251 0.292592 0.222223
0 0.658025 0.253125 0.274075 0.213195
0 0.850000 0.245833 0.206173 0.195833
0 0.906790 0.513889 0.186419 0.136111
0 0.773457 0.516320 0.238272 0.168749
0 0.590741 0.523959 0.253087 0.175695
0 0.392592 0.525000 0.301235 0.186111
0 0.190124 0.545139 0.239507 0.176389
0 0.104938 0.805903 0.209877 0.177083
0 0.414197 0.753472 0.213580 0.145833
0 0.603704 0.752777 0.180247 0.125000
0 0.802469 0.756597 0.170371 0.154861
0 0.941358 0.736459 0.117284 0.171528
0 0.756791 0.930208 0.227160 0.113195
