0 0.197531 0.115625 0.279012 0.128472
0 0.598765 0.112153 0.244444 0.161805
0 0.893827 0.118056 0.165432 0.161111
0 0.061729 0.336111 0.123457 0.183333
0 0.217901 0.332639 0.223457 0.184723
0 0.367901 0.337153 0.158025 0.159028
0 0.516667 0.350695 0.176543 0.143056
0 0.666049 0.350695 0.188889 0.140277
0 0.866049 0.354861 0.211111 0.140277
0 0.265432 0.539236 0.212345 0.153472
0 0.477777 0.538889 0.167901 0.168056
0 0.924074 0.550347 0.151853 0.145139
0 0.658025 0.536459 0.158025 0.163195
0 0.256791 0.744444 0.207408 0.162500
0 0.382099 0.726736 0.129629 0.161805
0 0.627160 0.723611 0.167901 0.144444
0 0.868519 0.751736 0.211111 0.167361
