0 0.106996 0.215856 0.197531 0.348380
0 0.267489 0.208911 0.119342 0.315971
0 0.343622 0.244791 0.102880 0.320602
0 0.463991 0.230324 0.174898 0.296296
0 0.663580 0.181713 0.174898 0.212962
0 0.776749 0.248842 0.092593 0.270833
0 0.863169 0.262731 0.150207 0.298611
0 0.048354 0.717593 0.096709 0.296296
0 0.171811 0.719907 0.183127 0.291667
0 0.331276 0.722800 0.168724 0.290509
0 0.489711 0.726851 0.164609 0.282407
0 0.635802 0.714700 0.144033 0.258102
0 0.577160 0.537038 0.467078 0.078704
0 0.743827 0.722222 0.191358 0.282407
0 0.886831 0.708911 0.160493 0.292824
