0 0.083951 0.132987 0.167902 0.178472
0 0.283951 0.129861 0.251852 0.179167
0 0.481481 0.142361 0.195061 0.181944
0 0.731481 0.143056 0.253087 0.177777
0 0.878395 0.142708 0.243210 0.181249
0 0.096296 0.406597 0.192593 0.177083
0 0.268519 0.411111 0.225925 0.134723
0 0.459876 0.406944 0.206173 0.168056
0 0.657408 0.405556 0.228395 0.170833
0 0.858641 0.411805 0.154321 0.158333
0 0.901234 0.639931 0.197531 0.175695
0 0.727777 0.624653 0.188889 0.139584
0 0.554321 0.617361 0.244444 0.141667
0 0.417901 0.577777 0.159259 0.097223
0 0.230864 0.626389 0.256791 0.170833
0 0.090123 0.632639 0.180246 0.144444
0 0.873457 0.826736 0.188889 0.121528
