0 0.062345 0.143403 0.124691 0.178472
0 0.185803 0.158333 0.183951 0.156944
0 0.360493 0.150347 0.237037 0.189583
0 0.525308 0.163889 0.166667 0.163889
0 0.713580 0.163889 0.232099 0.159723
0 0.758641 0.415277 0.141975 0.173611
0 0.574692 0.405556 0.275308 0.191667
0 0.363580 0.428125 0.258025 0.170139
0 0.186420 0.427083 0.202469 0.193056
0 0.931481 0.443056 0.122223 0.105556
0 0.927160 0.628125 0.143209 0.167361
0 0.701852 0.661111 0.134568 0.143056
0 0.580247 0.661805 0.162963 0.138889
0 0.419753 0.678820 0.172840 0.153472
0 0.267284 0.680208 0.198765 0.156251
0 0.121605 0.690277 0.196296 0.155556
0 0.058642 0.914236 0.117285 0.147916
0 0.174075 0.907987 0.160493 0.147916
0 0.323457 0.897917 0.162963 0.141667
0 0.448148 0.890625 0.116049 0.124305
0 0.569136 0.872223 0.130864 0.144444
0 0.772840 0.852777 0.232099 0.143056
0 0.901852 0.825695 0.193827 0.151389
