0 0.525308 0.039584 0.166667 0.079167
0 0.713580 0.038542 0.232099 0.077084
0 0.758641 0.248611 0.141975 0.173611
0 0.574692 0.238889 0.275308 0.191667
0 0.363580 0.261459 0.258025 0.170139
0 0.186420 0.260416 0.202469 0.193056
0 0.931481 0.276389 0.122223 0.105556
0 0.927160 0.461459 0.143209 0.167361
0 0.701852 0.494444 0.134568 0.143056
0 0.580247 0.495139 0.162963 0.138889
0 0.419753 0.512153 0.172840 0.153472
0 0.267284 0.513541 0.198765 0.156251
0 0.121605 0.523611 0.196296 0.155556
0 0.058642 0.747569 0.117285 0.147916
0 0.174075 0.741320 0.160493 0.147916
0 0.323457 0.731251 0.162963 0.141667
0 0.448148 0.723959 0.116049 0.124305
0 0.569136 0.705556 0.130864 0.144444
0 0.772840 0.686111 0.232099 0.143056
0 0.901852 0.659028 0.193827 0.151389
0 0.896913 0.859375 0.154321 0.146528
0 0.710493 0.874305 0.166667 0.147223
0 0.562963 0.904167 0.167901 0.144444
0 0.409259 0.936458 0.248148 0.127084
0 0.115432 0.932292 0.230864 0.135417
