0 0.219136 0.084722 0.292592 0.169445
0 0.470988 0.080903 0.243209 0.161806
0 0.735803 0.086111 0.318519 0.172223
0 0.890741 0.084028 0.218518 0.152777
0 0.110493 0.352431 0.176543 0.168749
0 0.305556 0.354167 0.270371 0.188889
0 0.470371 0.359028 0.224692 0.188889
0 0.698765 0.384028 0.251852 0.166667
0 0.901235 0.392013 0.197531 0.170139
0 0.845061 0.687847 0.265432 0.154861
0 0.670371 0.688541 0.232099 0.161805
0 0.485185 0.670487 0.185185 0.146528
0 0.333333 0.672569 0.187655 0.113195
0 0.214815 0.653820 0.214815 0.131249
0 0.079012 0.645139 0.153087 0.133333
0 0.692592 0.929861 0.190124 0.140279
0 0.850617 0.934028 0.167901 0.131944
0 0.511728 0.944792 0.203704 0.085416
0 0.368519 0.904513 0.208641 0.115972
0 0.172840 0.903125 0.158025 0.124305
0 0.062345 0.883680 0.100000 0.114584
