0 0.069136 0.171875 0.138272 0.170139
0 0.257408 0.175000 0.228395 0.176389
0 0.490124 0.182292 0.237037 0.182639
0 0.718519 0.200347 0.279012 0.202083
0 0.936420 0.204167 0.127161 0.161111
0 0.090124 0.484723 0.155556 0.169444
0 0.293827 0.477777 0.251852 0.177777
0 0.535185 0.480208 0.267901 0.186805
0 0.775925 0.496875 0.198765 0.118751
0 0.108641 0.725347 0.214815 0.152083
0 0.302469 0.730903 0.172840 0.146528
0 0.575925 0.719097 0.169136 0.150695
0 0.737037 0.716667 0.229629 0.158333
0 0.917901 0.720487 0.164198 0.147916
0 0.061728 0.933680 0.123457 0.132639
0 0.238889 0.938889 0.188889 0.122223
0 0.417901 0.942361 0.198765 0.115278
0 0.609876 0.939236 0.160493 0.121528
0 0.766667 0.935069 0.162963 0.129861
0 0.916049 0.933681 0.167901 0.132639
