0 0.683333 0.056250 0.319753 0.112500
0 0.198148 0.057986 0.275308 0.115973
0 0.921605 0.054861 0.156789 0.098611
0 0.466049 0.050695 0.230864 0.101389
0 0.222223 0.299653 0.224692 0.178472
0 0.450617 0.296528 0.251852 0.179167
0 0.648148 0.309028 0.195061 0.181944
0 0.885802 0.309723 0.228395 0.177777
0 0.238272 0.573264 0.241975 0.177083
0 0.435185 0.577777 0.225925 0.134723
0 0.626543 0.573611 0.206173 0.168056
0 0.824075 0.572223 0.228395 0.170833
0 0.894444 0.791320 0.188889 0.139584
0 0.720988 0.784028 0.244444 0.141667
0 0.584568 0.744444 0.159259 0.097223
0 0.397531 0.793056 0.256791 0.170833
0 0.242592 0.799305 0.208641 0.144444
0 0.137037 0.954861 0.274075 0.090278
