0 0.897377 0.200520 0.205247 0.215278
0 0.733025 0.184895 0.216050 0.253472
0 0.490740 0.177083 0.324073 0.234375
0 0.241512 0.181423 0.248457 0.232638
0 0.193673 0.516493 0.251543 0.197917
0 0.341050 0.504340 0.179012 0.180555
0 0.602623 0.507812 0.229938 0.204862
0 0.810957 0.496093 0.226852 0.197048
0 0.950617 0.493923 0.098766 0.177083
0 0.945988 0.752605 0.108024 0.161458
0 0.826388 0.771267 0.233025 0.148438
0 0.655093 0.766927 0.251543 0.153647
0 0.500000 0.770400 0.222222 0.183160
0 0.369598 0.768663 0.266975 0.200522
0 0.198302 0.782552 0.183642 0.200522
0 0.074074 0.804253 0.148148 0.207465
