0 0.102469 0.119792 0.204938 0.221528
0 0.431481 0.127084 0.228395 0.215277
0 0.642592 0.128472 0.213580 0.188889
0 0.869136 0.126041 0.261729 0.204861
0 0.041358 0.402083 0.082717 0.166667
0 0.203704 0.400695 0.217284 0.175000
0 0.432716 0.406597 0.211111 0.160417
0 0.628395 0.402777 0.237037 0.168056
0 0.869136 0.419097 0.244444 0.171528
0 0.920988 0.671875 0.158025 0.167361
0 0.743209 0.660764 0.256791 0.164584
0 0.551235 0.644792 0.213580 0.172917
0 0.066667 0.622569 0.133333 0.196528
0 0.190124 0.624653 0.229629 0.199305
0 0.069136 0.829513 0.138271 0.159028
0 0.200617 0.831944 0.201235 0.155556
0 0.487655 0.865972 0.241975 0.194444
0 0.583333 0.852777 0.129629 0.154167
0 0.751235 0.825695 0.139507 0.098611
0 0.924691 0.881249 0.150618 0.165277
