0 0.143827 0.128125 0.287654 0.249305
0 0.342592 0.146180 0.211111 0.167361
0 0.542592 0.135416 0.262963 0.215277
0 0.795679 0.137847 0.245679 0.221528
0 0.243827 0.453125 0.255556 0.221528
0 0.598148 0.460417 0.228395 0.215277
0 0.809259 0.461805 0.213580 0.188889
0 0.172840 0.735416 0.153087 0.166667
0 0.370371 0.734028 0.217284 0.175000
0 0.599383 0.739931 0.211111 0.160417
0 0.795061 0.736111 0.237037 0.168056
0 0.890740 0.955903 0.218519 0.088195
0 0.717901 0.945833 0.213580 0.108333
0 0.162963 0.928819 0.274075 0.142361
0 0.356791 0.929167 0.229629 0.141666
