0 0.035185 0.163195 0.070371 0.236111
0 0.122223 0.167708 0.170371 0.242361
0 0.245679 0.171180 0.148148 0.235417
0 0.412345 0.173611 0.170371 0.230556
0 0.543827 0.175347 0.132099 0.152083
0 0.728395 0.187500 0.145679 0.244444
0 0.845061 0.179167 0.211111 0.233333
0 0.937037 0.185417 0.125926 0.248611
0 0.948765 0.562153 0.102470 0.209028
0 0.870988 0.560764 0.144444 0.211805
0 0.611111 0.547569 0.160493 0.203472
0 0.479012 0.543751 0.165432 0.180556
0 0.390741 0.537153 0.132099 0.196528
0 0.246913 0.517013 0.135803 0.178472
0 0.146296 0.502777 0.137037 0.173611
0 0.060494 0.496180 0.120988 0.163195
0 0.037654 0.815277 0.075309 0.180556
0 0.112963 0.867708 0.102469 0.107639
0 0.226543 0.867361 0.134568 0.097223
0 0.328395 0.875000 0.130864 0.104167
0 0.466049 0.824305 0.109876 0.105556
0 0.574075 0.831249 0.111111 0.094444
0 0.667284 0.836805 0.139507 0.088889
0 0.831481 0.848611 0.137037 0.105556
0 0.957408 0.859028 0.085185 0.112500
