0 0.691975 0.039584 0.166667 0.079167
0 0.880247 0.038542 0.232099 0.077084
0 0.925308 0.248611 0.141975 0.173611
0 0.741359 0.238889 0.275308 0.191667
0 0.530247 0.261459 0.258025 0.170139
0 0.353087 0.260416 0.202469 0.193056
0 0.151235 0.260069 0.285185 0.188195
0 0.868519 0.494444 0.134568 0.143056
0 0.746913 0.495139 0.162963 0.138889
0 0.586420 0.512153 0.172840 0.153472
0 0.433951 0.513541 0.198765 0.156251
0 0.288272 0.523611 0.196296 0.155556
0 0.079013 0.520833 0.158025 0.138889
0 0.075926 0.752431 0.151852 0.161805
0 0.205556 0.747569 0.156791 0.147916
0 0.340741 0.741320 0.160493 0.147916
0 0.490124 0.731251 0.162963 0.141667
0 0.614815 0.723959 0.116049 0.124305
0 0.735803 0.705556 0.130864 0.144444
0 0.911729 0.686111 0.176543 0.143056
0 0.877160 0.874305 0.166667 0.147223
0 0.729629 0.904167 0.167901 0.144444
0 0.575925 0.936458 0.248148 0.127084
0 0.263580 0.932292 0.267901 0.135417
