0 0.037037 0.190277 0.074075 0.188889
0 0.116049 0.193751 0.145679 0.187500
0 0.243209 0.191667 0.150617 0.197223
0 0.482716 0.192361 0.150617 0.190277
0 0.581481 0.203125 0.145679 0.195139
0 0.698765 0.208680 0.125925 0.197917
0 0.793209 0.205208 0.134568 0.193751
0 0.922840 0.216667 0.144444 0.184723
0 0.911111 0.088541 0.177778 0.063195
0 0.142592 0.460764 0.097531 0.095139
0 0.235803 0.463541 0.083951 0.100695
0 0.340741 0.465972 0.086420 0.093056
0 0.487037 0.471528 0.124692 0.087500
0 0.627777 0.475695 0.109876 0.104167
0 0.787655 0.477083 0.155556 0.093056
0 0.926543 0.490277 0.137037 0.093056
0 0.832716 0.754513 0.304939 0.197917
0 0.598148 0.735764 0.285185 0.192361
0 0.389507 0.743403 0.233333 0.167361
0 0.221605 0.747223 0.137037 0.148611
0 0.070988 0.739931 0.141975 0.145139
0 0.169136 0.933333 0.308641 0.131944
0 0.427160 0.942013 0.239507 0.114584
0 0.660493 0.947569 0.256791 0.103472
0 0.883334 0.949305 0.233333 0.100000
