0 0.918519 0.059028 0.162963 0.118055
0 0.761728 0.055555 0.162963 0.111111
0 0.588889 0.057986 0.241975 0.115972
0 0.374075 0.057986 0.234568 0.115973
0 0.166049 0.050347 0.233333 0.100694
0 0.207408 0.286459 0.187655 0.179861
0 0.393209 0.297917 0.159259 0.140277
0 0.595679 0.297223 0.218519 0.165277
0 0.770371 0.290972 0.187655 0.162500
0 0.925925 0.502777 0.138272 0.125000
0 0.579012 0.518749 0.197531 0.123611
0 0.233333 0.542361 0.195061 0.147223
0 0.413580 0.535417 0.207408 0.133333
0 0.332099 0.741667 0.200000 0.152777
0 0.500000 0.747223 0.160493 0.147223
0 0.669136 0.723611 0.177777 0.140277
0 0.788889 0.708680 0.153087 0.115972
0 0.911111 0.697569 0.118519 0.134028
0 0.864815 0.871180 0.188889 0.138195
0 0.745061 0.892361 0.156791 0.133333
0 0.663580 0.910069 0.183951 0.129861
0 0.281481 0.936111 0.224692 0.127779
