0 0.187655 0.157987 0.241975 0.196528
0 0.411728 0.165277 0.277777 0.186111
0 0.642592 0.168403 0.265432 0.184028
0 0.889507 0.179861 0.218519 0.168056
0 0.041976 0.470487 0.083951 0.171528
0 0.208641 0.458333 0.279012 0.159723
0 0.448148 0.471875 0.269136 0.192361
0 0.678395 0.489236 0.208641 0.114584
0 0.925925 0.471875 0.145679 0.171528
0 0.062346 0.725695 0.124691 0.148611
0 0.208641 0.727083 0.202469 0.145833
0 0.480864 0.718056 0.161728 0.150000
0 0.640124 0.722223 0.216049 0.155556
0 0.865432 0.731251 0.246913 0.133333
0 0.116667 0.938889 0.220988 0.122223
0 0.320988 0.943750 0.209876 0.112499
0 0.488889 0.939583 0.187655 0.120834
0 0.658025 0.938542 0.175308 0.122917
0 0.840124 0.939931 0.218519 0.120139
