0 0.064043 0.244358 0.128087 0.282118
0 0.159722 0.230903 0.242283 0.281250
0 0.310957 0.236545 0.208333 0.266493
0 0.487655 0.246093 0.160493 0.250868
0 0.581790 0.251737 0.188272 0.276042
0 0.726080 0.243490 0.229938 0.269965
0 0.922068 0.250000 0.131173 0.225695
0 0.270062 0.657118 0.188272 0.237847
0 0.393518 0.670573 0.182098 0.243923
0 0.540123 0.677517 0.157407 0.247397
0 0.658178 0.673177 0.168210 0.242188
0 0.820217 0.687500 0.180555 0.230903
0 0.938272 0.690103 0.123457 0.262153
0 0.847222 0.527343 0.305556 0.078993
0 0.092593 0.970486 0.108025 0.059028
