0 0.764660 0.214410 0.251543 0.194445
0 0.921296 0.211805 0.157407 0.185763
0 0.498457 0.210070 0.219135 0.168403
0 0.292438 0.209202 0.285493 0.204862
0 0.064815 0.220920 0.129630 0.200522
0 0.088735 0.526042 0.177468 0.170138
0 0.280865 0.510850 0.265432 0.164062
0 0.486883 0.506077 0.217593 0.184028
0 0.713735 0.504340 0.257717 0.173612
0 0.905864 0.506510 0.188272 0.188368
0 0.802468 0.749132 0.200617 0.147570
0 0.604938 0.755208 0.259260 0.138888
0 0.255402 0.769097 0.285493 0.173612
0 0.097993 0.769097 0.186728 0.185763
0 0.064815 0.220920 0.129630 0.200522
