0 0.898920 0.143230 0.109568 0.104167
0 0.765432 0.151475 0.120370 0.108507
0 0.658950 0.162327 0.080247 0.098958
0 0.520833 0.162327 0.158950 0.105903
0 0.366512 0.171442 0.115740 0.098090
0 0.217593 0.182725 0.108025 0.110243
0 0.108025 0.184462 0.123457 0.099827
0 0.040895 0.188802 0.081791 0.091147
0 0.086420 0.522135 0.172839 0.184895
0 0.208333 0.490017 0.203703 0.202257
0 0.407407 0.450955 0.237655 0.236978
0 0.665123 0.426650 0.219135 0.217882
0 0.898148 0.408420 0.200617 0.203993
0 0.898148 0.639323 0.200617 0.157118
0 0.679783 0.682725 0.254630 0.203993
0 0.477623 0.698785 0.239198 0.199653
0 0.244598 0.719183 0.263888 0.195313
