0 0.902469 0.157987 0.195062 0.092361
0 0.716667 0.147223 0.191359 0.143056
0 0.274692 0.157292 0.277777 0.139584
0 0.515432 0.156597 0.220988 0.161805
0 0.259876 0.054514 0.235803 0.109027
0 0.090124 0.165972 0.180247 0.134723
0 0.132099 0.386805 0.264197 0.198611
0 0.320371 0.384028 0.243209 0.220833
0 0.493827 0.365277 0.187655 0.181944
0 0.675308 0.355208 0.160493 0.185417
0 0.838889 0.351736 0.201235 0.174305
0 0.953087 0.344792 0.093827 0.179861
0 0.878395 0.558333 0.193827 0.145833
0 0.506791 0.618056 0.228395 0.134723
0 0.340124 0.637153 0.201235 0.142361
0 0.133333 0.619792 0.227160 0.195139
0 0.137655 0.852431 0.203704 0.196528
0 0.289507 0.815972 0.164197 0.191667
0 0.481481 0.786459 0.249383 0.167361
0 0.792592 0.766320 0.217284 0.189583
0 0.919136 0.751389 0.141975 0.145833
