0 0.880864 0.189583 0.107408 0.231944
0 0.963580 0.191320 0.072839 0.236805
0 0.488889 0.180556 0.303704 0.200000
0 0.690124 0.216320 0.202469 0.172917
0 0.216667 0.201736 0.248148 0.193751
0 0.094444 0.498959 0.188889 0.189583
0 0.230864 0.502777 0.254321 0.197223
0 0.474692 0.529861 0.285185 0.183333
0 0.654939 0.536459 0.201235 0.168749
0 0.885185 0.517361 0.128395 0.161111
0 0.959259 0.527084 0.081482 0.168056
0 0.938889 0.846180 0.122222 0.185417
0 0.859259 0.830556 0.140741 0.198611
0 0.620371 0.844097 0.240741 0.142361
0 0.435803 0.813889 0.266667 0.152777
0 0.253087 0.816320 0.180247 0.147916
0 0.087037 0.821528 0.171605 0.129167
