0 0.122840 0.111111 0.203704 0.222222
0 0.335803 0.122223 0.232099 0.213889
0 0.582099 0.116667 0.307408 0.233333
0 0.815432 0.120139 0.218519 0.218056
0 0.738272 0.413541 0.162963 0.184028
0 0.547531 0.413195 0.206173 0.169444
0 0.364815 0.415625 0.203704 0.177083
0 0.198765 0.410417 0.234568 0.177777
0 0.073457 0.399653 0.146913 0.171528
0 0.092592 0.638541 0.185185 0.181249
0 0.249383 0.641320 0.143209 0.164584
0 0.383333 0.641320 0.186420 0.184028
0 0.776543 0.636805 0.313580 0.166667
0 0.535803 0.644792 0.264197 0.163195
0 0.325925 0.893403 0.256791 0.138195
0 0.541975 0.863195 0.212345 0.179167
0 0.708025 0.855208 0.211111 0.164584
