0 0.039352 0.182292 0.078703 0.166667
0 0.125772 0.190972 0.118827 0.190972
0 0.251543 0.192275 0.132717 0.190103
0 0.399692 0.184895 0.141975 0.168403
0 0.537808 0.210503 0.140432 0.231772
0 0.671297 0.214410 0.145062 0.230903
0 0.803240 0.218750 0.143518 0.239583
0 0.945217 0.204862 0.087963 0.222222
0 0.884260 0.516058 0.108025 0.110243
0 0.774692 0.517795 0.123457 0.099827
0 0.675155 0.522135 0.146605 0.091147
0 0.555555 0.596788 0.129630 0.099827
0 0.427468 0.597222 0.117283 0.098958
0 0.295525 0.623698 0.152778 0.129340
0 0.154322 0.583333 0.141975 0.230903
0 0.049383 0.567275 0.098765 0.216147
0 0.122685 0.899740 0.239198 0.190103
0 0.348765 0.885417 0.280865 0.168403
0 0.569445 0.848525 0.209877 0.183160
0 0.723765 0.855468 0.231482 0.184895
0 0.875000 0.823350 0.203703 0.202257
