0 0.095679 0.169444 0.191358 0.197223
0 0.308025 0.196528 0.285185 0.183333
0 0.488272 0.203125 0.201235 0.168749
0 0.718519 0.184028 0.128395 0.161111
0 0.810493 0.193751 0.117284 0.168056
0 0.916667 0.184723 0.149383 0.169444
0 0.960494 0.568403 0.079012 0.093749
0 0.867284 0.563195 0.117284 0.095833
0 0.782716 0.512847 0.143209 0.185417
0 0.692592 0.497223 0.140741 0.198611
0 0.453704 0.510764 0.240741 0.142361
0 0.269136 0.480556 0.266667 0.152777
0 0.088272 0.482987 0.176543 0.147916
0 0.043827 0.724653 0.087655 0.125695
0 0.134568 0.763889 0.187655 0.081944
0 0.303087 0.755556 0.183951 0.152777
0 0.466667 0.765625 0.192592 0.142361
0 0.675925 0.796528 0.179012 0.147223
0 0.885185 0.820139 0.212345 0.158333
0 0.220988 0.927083 0.125925 0.104167
0 0.340741 0.929861 0.150617 0.104167
