0 0.906173 0.065625 0.185185 0.131250
0 0.732099 0.062500 0.145679 0.125001
0 0.601235 0.059028 0.195061 0.118055
0 0.428395 0.055555 0.162963 0.111111
0 0.255556 0.057986 0.241975 0.115972
0 0.069753 0.297917 0.139505 0.140277
0 0.262345 0.297223 0.218519 0.165277
0 0.437037 0.290972 0.187655 0.162500
0 0.814815 0.293751 0.177777 0.156944
0 0.938272 0.286111 0.103704 0.136111
0 0.737037 0.493403 0.167901 0.120139
0 0.854321 0.480903 0.150617 0.127083
0 0.592592 0.502777 0.138272 0.125000
0 0.245679 0.518749 0.197531 0.123611
0 0.091975 0.535417 0.183951 0.133333
0 0.049383 0.741667 0.098765 0.152777
0 0.166667 0.747223 0.160493 0.147223
0 0.335803 0.723611 0.177777 0.140277
0 0.455556 0.708680 0.153087 0.115972
0 0.577777 0.697569 0.118519 0.134028
0 0.716049 0.678472 0.167901 0.133333
0 0.846296 0.670833 0.137037 0.118056
0 0.817284 0.833680 0.138272 0.114584
0 0.690741 0.844444 0.171605 0.130556
0 0.531481 0.871180 0.188889 0.138195
0 0.411728 0.892361 0.156791 0.133333
0 0.330247 0.910069 0.183951 0.129861
