0 0.096297 0.105208 0.192593 0.210417
0 0.324692 0.057639 0.192592 0.115277
0 0.351852 0.164583 0.197531 0.109723
0 0.561111 0.146180 0.260493 0.154861
0 0.588889 0.043403 0.251852 0.086805
0 0.848765 0.142708 0.300000 0.177083
0 0.068519 0.402431 0.137037 0.167361
0 0.330864 0.391667 0.227160 0.227777
0 0.561728 0.395139 0.254321 0.227777
0 0.769753 0.396528 0.235803 0.209723
0 0.917901 0.396875 0.164197 0.206251
0 0.085802 0.636805 0.171605 0.159723
0 0.546913 0.656251 0.204939 0.151389
0 0.348148 0.625000 0.256791 0.213889
0 0.730247 0.663195 0.235803 0.147223
0 0.081481 0.852431 0.153087 0.186805
0 0.333951 0.857292 0.235803 0.190972
0 0.465432 0.849653 0.185185 0.159028
0 0.684568 0.854861 0.235803 0.179167
