0 0.516667 0.186805 0.319753 0.184723
0 0.084568 0.185764 0.169135 0.193751
0 0.822840 0.221528 0.292592 0.098611
0 0.299383 0.187153 0.230864 0.161805
0 0.083951 0.466320 0.167902 0.178472
0 0.283951 0.463195 0.251852 0.179167
0 0.481481 0.475695 0.195061 0.181944
0 0.731481 0.476389 0.253087 0.177777
0 0.878395 0.476041 0.243210 0.181249
0 0.096296 0.739931 0.192593 0.177083
0 0.268519 0.744444 0.225925 0.134723
0 0.459876 0.740277 0.206173 0.168056
0 0.657408 0.738889 0.228395 0.170833
0 0.858641 0.745139 0.154321 0.158333
0 0.901234 0.942708 0.197531 0.114583
0 0.727777 0.944097 0.188889 0.111805
0 0.554321 0.939931 0.244444 0.120139
0 0.417901 0.911111 0.159259 0.097223
0 0.230864 0.937153 0.256791 0.125694
0 0.090123 0.946875 0.180246 0.106250
