0 0.079012 0.065278 0.158024 0.130556
0 0.182099 0.064583 0.166667 0.129167
0 0.323457 0.065278 0.128395 0.130555
0 0.398765 0.072570 0.150617 0.145139
0 0.514197 0.068056 0.183951 0.136111
0 0.670988 0.061806 0.104939 0.123611
0 0.784568 0.059375 0.112345 0.118750
0 0.908025 0.061111 0.154321 0.122223
0 0.149383 0.359028 0.150617 0.190277
0 0.248148 0.369792 0.145679 0.195139
0 0.365432 0.375347 0.125925 0.197917
0 0.459876 0.371875 0.134568 0.193751
0 0.589507 0.383333 0.144444 0.184723
0 0.718519 0.385416 0.167901 0.209723
0 0.629012 0.255208 0.280247 0.063195
0 0.848148 0.392013 0.172840 0.218749
0 0.941359 0.388889 0.114815 0.195833
0 0.025309 0.632639 0.050618 0.093056
0 0.153704 0.638195 0.124692 0.087500
0 0.294444 0.642361 0.109876 0.104167
0 0.454321 0.643749 0.155556 0.093056
0 0.593209 0.656944 0.137037 0.093056
0 0.745061 0.656944 0.119753 0.093056
0 0.878395 0.661805 0.117284 0.086111
0 0.762963 0.914236 0.333333 0.171528
0 0.499383 0.911111 0.304939 0.177779
0 0.264815 0.902431 0.285185 0.192361
0 0.086420 0.910069 0.172840 0.167361
