0 0.908950 0.118490 0.179012 0.209202
0 0.627315 0.159722 0.168210 0.178820
0 0.475308 0.160590 0.203703 0.173612
0 0.274692 0.181858 0.216050 0.191840
0 0.104167 0.183593 0.208333 0.195313
0 0.154322 0.455730 0.203703 0.177083
0 0.310185 0.446615 0.145062 0.155382
0 0.461420 0.423612 0.163580 0.180555
0 0.716050 0.399305 0.290123 0.178820
0 0.877315 0.365452 0.242283 0.189237
0 0.871142 0.615885 0.192902 0.183160
0 0.638117 0.634548 0.208333 0.184028
0 0.453703 0.671875 0.209877 0.180555
0 0.261573 0.720052 0.310185 0.174480
