0 0.112345 0.061806 0.224691 0.123611
0 0.350617 0.060417 0.298765 0.120833
0 0.593209 0.064236 0.337037 0.107639
0 0.264197 0.328125 0.192592 0.189583
0 0.093827 0.331597 0.187655 0.210416
0 0.425308 0.322223 0.262963 0.205556
0 0.670988 0.329167 0.216049 0.229167
0 0.864815 0.327431 0.267901 0.207639
0 0.075926 0.598264 0.151851 0.178472
0 0.230247 0.603820 0.191359 0.192361
0 0.482099 0.614584 0.230864 0.197223
0 0.673457 0.620833 0.166667 0.201389
0 0.073457 0.828125 0.146914 0.153472
0 0.870988 0.623264 0.218519 0.196528
0 0.169753 0.845487 0.216049 0.149305
0 0.339507 0.861111 0.234568 0.183333
0 0.562963 0.858680 0.256791 0.192361
0 0.774075 0.873959 0.256791 0.185417
