0 0.587963 0.054254 0.280865 0.108507
0 0.858025 0.062934 0.283951 0.125868
0 0.837963 0.402343 0.290123 0.202257
0 0.606482 0.379775 0.231482 0.183160
0 0.416667 0.382378 0.234568 0.141493
0 0.268518 0.358942 0.268518 0.164062
0 0.098765 0.348090 0.191358 0.166667
0 0.865740 0.710937 0.237655 0.189237
0 0.639660 0.722657 0.254630 0.106770
0 0.460648 0.672308 0.260802 0.144965
0 0.216050 0.670573 0.197532 0.155382
0 0.077932 0.646267 0.125000 0.143230
0 0.094907 0.835503 0.115740 0.110243
0 0.331790 0.862413 0.169753 0.125868
0 0.756945 0.914930 0.152778 0.125000
0 0.895062 0.919705 0.191358 0.141493
