0 0.028395 0.138195 0.056789 0.211111
0 0.097531 0.134723 0.111111 0.234723
0 0.182716 0.129167 0.140741 0.231944
0 0.349383 0.130556 0.120988 0.201389
0 0.454939 0.131944 0.060493 0.190277
0 0.541359 0.123611 0.107408 0.195833
0 0.659259 0.113195 0.103704 0.144444
0 0.887037 0.144444 0.225925 0.223611
0 0.857408 0.486459 0.196296 0.228472
0 0.653087 0.483333 0.143209 0.202777
0 0.529629 0.479167 0.135803 0.194444
0 0.412963 0.476736 0.109876 0.193751
0 0.312345 0.473611 0.116049 0.205556
0 0.188272 0.469097 0.119753 0.197917
0 0.072223 0.467708 0.117284 0.192361
0 0.053087 0.731944 0.088889 0.087500
0 0.209259 0.736111 0.119753 0.095833
0 0.348765 0.732639 0.114815 0.088889
0 0.485185 0.741320 0.091359 0.111805
0 0.590741 0.757292 0.109876 0.113195
0 0.873457 0.776736 0.225925 0.184028
0 0.528395 0.952778 0.274075 0.094445
0 0.286420 0.941319 0.320988 0.117361
