0 0.698302 0.185763 0.177468 0.217013
0 0.468365 0.173612 0.344135 0.239583
0 0.204475 0.201823 0.322532 0.212673
0 0.914352 0.220487 0.152778 0.131945
0 0.908950 0.451823 0.179012 0.209202
0 0.627315 0.493055 0.168210 0.178820
0 0.475308 0.493923 0.203703 0.173612
0 0.274692 0.515192 0.216050 0.191840
0 0.104167 0.516927 0.208333 0.195313
0 0.154322 0.789063 0.203703 0.177083
0 0.310185 0.779948 0.145062 0.155382
0 0.461420 0.756945 0.163580 0.180555
0 0.716050 0.732638 0.290123 0.178820
0 0.877315 0.698785 0.242283 0.189237
0 0.871142 0.928819 0.192902 0.142362
0 0.638117 0.937934 0.208333 0.124132
0 0.453703 0.957465 0.209877 0.085069
