0 0.937037 0.086459 0.111111 0.172917
0 0.585803 0.095139 0.228395 0.190277
0 0.353704 0.087153 0.218519 0.174305
0 0.123457 0.094792 0.227160 0.189583
0 0.048765 0.380903 0.097531 0.170139
0 0.196913 0.369444 0.196296 0.176389
0 0.370371 0.371180 0.160493 0.168749
0 0.575308 0.377777 0.251852 0.152777
0 0.763580 0.378820 0.144444 0.134028
0 0.940124 0.351736 0.090124 0.135416
0 0.949383 0.619444 0.098765 0.159723
0 0.701235 0.641320 0.192592 0.122917
0 0.549383 0.648611 0.200000 0.144444
0 0.383333 0.658333 0.171605 0.143056
0 0.232099 0.656597 0.172840 0.114584
0 0.106791 0.661459 0.169136 0.118751
0 0.893827 0.847223 0.162963 0.129167
0 0.696913 0.858333 0.119753 0.097223
0 0.569136 0.864236 0.175308 0.114584
0 0.417284 0.886459 0.133333 0.064584
0 0.281481 0.867013 0.153087 0.110416
0 0.104321 0.868403 0.171605 0.135416
0 0.601235 0.979514 0.091359 0.040972
