0 0.033179 0.168403 0.066358 0.293403
0 0.103395 0.161458 0.175927 0.289930
0 0.311728 0.163195 0.151235 0.251737
0 0.443673 0.164930 0.075617 0.237847
0 0.551698 0.154513 0.134260 0.244792
0 0.699073 0.141493 0.129630 0.180555
0 0.912037 0.608073 0.175925 0.285590
0 0.691358 0.604167 0.179012 0.253472
0 0.537037 0.598958 0.169753 0.243055
0 0.391203 0.595920 0.137345 0.242188
0 0.265432 0.592013 0.145062 0.256945
0 0.110340 0.586372 0.149692 0.247397
0 0.136573 0.920138 0.149692 0.119792
0 0.310957 0.915798 0.143518 0.111112
0 0.481482 0.926650 0.114198 0.139757
0 0.613427 0.937934 0.137345 0.124132
