0 0.777777 0.214236 0.160493 0.203472
0 0.645679 0.210417 0.165432 0.180556
0 0.557408 0.203820 0.132099 0.196528
0 0.413580 0.183680 0.135803 0.178472
0 0.312963 0.169444 0.137037 0.173611
0 0.114197 0.163541 0.122223 0.172917
0 0.224075 0.162847 0.127160 0.163195
0 0.185185 0.481944 0.113580 0.180556
0 0.132716 0.466320 0.117284 0.200695
0 0.279629 0.534375 0.102469 0.107639
0 0.393209 0.534028 0.134568 0.097223
0 0.495061 0.541667 0.130864 0.104167
0 0.632716 0.490972 0.109876 0.105556
0 0.740741 0.497916 0.111111 0.094444
0 0.833951 0.503472 0.139507 0.088889
0 0.964815 0.515277 0.070371 0.105556
0 0.841359 0.808333 0.216049 0.184723
0 0.650000 0.802431 0.196296 0.170139
0 0.520371 0.780903 0.176543 0.127083
0 0.319753 0.767013 0.246913 0.163195
0 0.132716 0.760764 0.198765 0.167361
