0 0.206790 0.067274 0.157407 0.134548
0 0.324845 0.063802 0.168210 0.127604
0 0.486883 0.068142 0.180555 0.136285
0 0.648148 0.077257 0.209877 0.154513
0 0.810185 0.084201 0.216050 0.168402
0 0.926698 0.075087 0.143518 0.150174
0 0.118055 0.344618 0.137345 0.130208
0 0.317902 0.346353 0.194445 0.116320
0 0.491512 0.362847 0.171297 0.116320
0 0.681327 0.362847 0.149692 0.116320
0 0.847993 0.368923 0.146605 0.107638
0 0.703703 0.713975 0.416667 0.273437
0 0.374228 0.693142 0.381173 0.247397
0 0.129630 0.669705 0.259259 0.240452
0 0.159722 0.934462 0.319444 0.129340
0 0.444445 0.936632 0.305555 0.125000
