0 0.132099 0.047569 0.264197 0.095139
0 0.408641 0.061806 0.298765 0.123611
0 0.683951 0.060417 0.298765 0.120833
0 0.879012 0.064236 0.241976 0.107639
0 0.182099 0.321180 0.203704 0.182639
0 0.597531 0.328125 0.192592 0.189583
0 0.402469 0.331597 0.237037 0.210416
0 0.758641 0.322223 0.262963 0.205556
0 0.948148 0.329167 0.103703 0.229167
0 0.172223 0.596180 0.208641 0.196528
0 0.379629 0.598264 0.211111 0.178472
0 0.563580 0.603820 0.191359 0.192361
0 0.815432 0.614584 0.230864 0.197223
0 0.961729 0.620833 0.076543 0.201389
0 0.338889 0.828125 0.282716 0.153472
0 0.503087 0.845487 0.216049 0.149305
0 0.672840 0.861111 0.234568 0.183333
0 0.883950 0.858680 0.232099 0.192361
