0 0.079012 0.171180 0.148148 0.235417
0 0.245679 0.173611 0.170371 0.230556
0 0.377160 0.175347 0.132099 0.152083
0 0.561728 0.187500 0.145679 0.244444
0 0.678395 0.179167 0.211111 0.233333
0 0.798148 0.185417 0.181481 0.248611
0 0.925308 0.201389 0.146913 0.213889
0 0.943827 0.562847 0.109876 0.202083
0 0.826543 0.562153 0.191359 0.209028
0 0.704321 0.560764 0.144444 0.211805
0 0.444444 0.547569 0.160493 0.203472
0 0.312345 0.543751 0.165432 0.180556
0 0.224075 0.537153 0.132099 0.196528
0 0.080247 0.517013 0.135803 0.178472
0 0.063580 0.867361 0.127160 0.097223
0 0.161728 0.875000 0.130864 0.104167
0 0.299383 0.824305 0.109876 0.105556
0 0.407408 0.831249 0.111111 0.094444
0 0.500617 0.836805 0.139507 0.088889
0 0.664815 0.848611 0.137037 0.105556
0 0.822840 0.859028 0.149383 0.112500
