0 0.819753 0.316667 0.143209 0.202777
0 0.696296 0.312500 0.135803 0.194444
0 0.579629 0.310069 0.109876 0.193751
0 0.479012 0.306944 0.116049 0.205556
0 0.354939 0.302431 0.119753 0.197917
0 0.238889 0.301041 0.117284 0.192361
0 0.136420 0.292361 0.104939 0.191667
0 0.041975 0.292361 0.083950 0.200000
0 0.095061 0.559723 0.111111 0.098611
0 0.219753 0.565277 0.088889 0.087500
0 0.375925 0.569444 0.119753 0.095833
0 0.515432 0.565972 0.114815 0.088889
0 0.651852 0.574653 0.091359 0.111805
0 0.757408 0.590625 0.109876 0.113195
0 0.695061 0.835764 0.274075 0.193751
0 0.453087 0.817708 0.320988 0.203472
0 0.232716 0.812153 0.272840 0.200695
