0 0.164815 0.066320 0.181481 0.132639
0 0.331481 0.066319 0.198765 0.132639
0 0.530247 0.062153 0.196296 0.124305
0 0.703704 0.061111 0.160493 0.122221
0 0.891358 0.060416 0.217285 0.120833
0 0.882716 0.315277 0.200000 0.144444
0 0.716667 0.325000 0.171605 0.143056
0 0.565432 0.323264 0.172840 0.114584
0 0.440124 0.328125 0.169136 0.118751
0 0.261728 0.344792 0.209876 0.122917
0 0.902469 0.530903 0.175308 0.114584
0 0.750617 0.553125 0.133333 0.064584
0 0.614815 0.533680 0.153087 0.110416
0 0.437655 0.535069 0.171605 0.135416
0 0.296296 0.548959 0.187655 0.127083
0 0.077778 0.559028 0.155555 0.133333
0 0.088889 0.714236 0.160493 0.106249
0 0.096913 0.785764 0.161728 0.093749
0 0.333333 0.691320 0.091359 0.079861
0 0.430247 0.738541 0.102469 0.054861
0 0.511111 0.679861 0.113580 0.086111
0 0.843827 0.683333 0.109876 0.084723
0 0.934568 0.668403 0.091359 0.085416
