0 0.875925 0.035070 0.156791 0.070139
0 0.888889 0.243403 0.219753 0.203472
0 0.685803 0.260416 0.233333 0.172223
0 0.519753 0.247916 0.172840 0.202777
0 0.325925 0.241667 0.259259 0.187500
0 0.126543 0.245139 0.198765 0.186111
0 0.094445 0.513195 0.188889 0.158333
0 0.206173 0.503472 0.143209 0.144444
0 0.415432 0.506249 0.183951 0.163889
0 0.582099 0.496875 0.181481 0.157639
0 0.727160 0.495139 0.145679 0.141667
0 0.881481 0.490625 0.158025 0.132639
0 0.819753 0.691667 0.224692 0.116667
0 0.724692 0.702084 0.155556 0.129167
0 0.594444 0.717013 0.186420 0.118751
0 0.457408 0.713541 0.201235 0.122917
0 0.333333 0.716320 0.177777 0.146528
0 0.229012 0.714931 0.213580 0.160417
0 0.091975 0.726041 0.146913 0.160417
0 0.348148 0.921180 0.279012 0.146528
0 0.641975 0.921875 0.239507 0.125695
0 0.795061 0.889584 0.207408 0.122223
0 0.923457 0.858680 0.150617 0.145139
