0 0.048354 0.127315 0.096709 0.254630
0 0.171811 0.127314 0.183127 0.254629
0 0.331276 0.128472 0.168724 0.256943
0 0.489711 0.128472 0.164609 0.256943
0 0.635802 0.116320 0.144033 0.232640
0 0.743827 0.126157 0.191358 0.252314
0 0.886831 0.122106 0.160493 0.244212
0 0.865227 0.468751 0.146091 0.138889
0 0.687242 0.479744 0.160493 0.144676
0 0.545267 0.494213 0.106996 0.131944
0 0.361111 0.494213 0.211933 0.141204
0 0.155349 0.506367 0.154320 0.130787
0 0.209876 0.860533 0.316873 0.278934
0 0.553498 0.846644 0.292180 0.290509
0 0.864198 0.822338 0.267489 0.271991
