0 0.690741 0.153125 0.196296 0.228472
0 0.929629 0.135416 0.138272 0.215277
0 0.486420 0.150000 0.143209 0.202777
0 0.362963 0.145833 0.135803 0.194444
0 0.246296 0.143403 0.109876 0.193751
0 0.145679 0.140277 0.116049 0.205556
0 0.040741 0.135764 0.081482 0.197917
0 0.051234 0.402777 0.102469 0.095833
0 0.182099 0.399305 0.114815 0.088889
0 0.318519 0.407987 0.091359 0.111805
0 0.424075 0.423959 0.109876 0.113195
0 0.706791 0.443403 0.225925 0.184028
0 0.903704 0.458333 0.190124 0.156944
0 0.779012 0.696180 0.244444 0.204861
0 0.361728 0.669097 0.274075 0.193751
0 0.140124 0.651041 0.280247 0.203472
0 0.191975 0.885416 0.297531 0.170833
0 0.474075 0.892013 0.234568 0.152083
