0 0.241975 0.226389 0.298765 0.127777
0 0.517284 0.226736 0.298765 0.121528
0 0.759876 0.230903 0.337037 0.107639
0 0.058642 0.487847 0.117284 0.182639
0 0.430864 0.494792 0.192592 0.189583
0 0.235803 0.498264 0.237037 0.210416
0 0.591975 0.488889 0.262963 0.205556
0 0.837655 0.495833 0.216049 0.229167
0 0.054938 0.762847 0.109877 0.196528
0 0.212963 0.764931 0.211111 0.178472
0 0.396913 0.770487 0.191359 0.192361
0 0.648765 0.781251 0.230864 0.197223
0 0.840124 0.787500 0.166667 0.201389
0 0.172223 0.959028 0.282716 0.081944
