0 0.325925 0.143403 0.264197 0.178472
0 0.519136 0.158333 0.183951 0.156944
0 0.693827 0.150347 0.237037 0.189583
0 0.858641 0.163889 0.166667 0.163889
0 0.885186 0.405556 0.229629 0.191667
0 0.696913 0.428125 0.258025 0.170139
0 0.519753 0.427083 0.202469 0.193056
0 0.317901 0.426736 0.285185 0.188195
0 0.118519 0.425347 0.237037 0.188195
0 0.913580 0.661805 0.162963 0.138889
0 0.753087 0.678820 0.172840 0.153472
0 0.600617 0.680208 0.198765 0.156251
0 0.454939 0.690277 0.196296 0.155556
0 0.237655 0.687500 0.174075 0.138889
0 0.092592 0.699305 0.185185 0.162500
0 0.235803 0.919097 0.165432 0.161805
0 0.372223 0.914236 0.156791 0.147916
0 0.507408 0.907987 0.160493 0.147916
0 0.656791 0.897917 0.162963 0.141667
0 0.781481 0.890625 0.116049 0.124305
0 0.902469 0.872223 0.130864 0.144444
