0 0.046913 0.063889 0.093827 0.127778
0 0.180864 0.043750 0.122223 0.087500
0 0.300617 0.070834 0.137037 0.141667
0 0.394444 0.065278 0.193827 0.130556
0 0.515432 0.064583 0.166667 0.129167
0 0.656791 0.065278 0.128395 0.130555
0 0.732099 0.072570 0.150617 0.145139
0 0.847531 0.068056 0.183951 0.136111
0 0.037037 0.356944 0.074075 0.188889
0 0.116049 0.360417 0.145679 0.187500
0 0.243209 0.358333 0.150617 0.197223
0 0.482716 0.359028 0.150617 0.190277
0 0.581481 0.369792 0.145679 0.195139
0 0.698765 0.375347 0.125925 0.197917
0 0.793209 0.371875 0.134568 0.193751
0 0.922840 0.383333 0.144444 0.184723
0 0.911111 0.255208 0.177778 0.063195
0 0.142592 0.627431 0.097531 0.095139
0 0.235803 0.630208 0.083951 0.100695
0 0.340741 0.632639 0.086420 0.093056
0 0.487037 0.638195 0.124692 0.087500
0 0.627777 0.642361 0.109876 0.104167
0 0.787655 0.643749 0.155556 0.093056
0 0.926543 0.656944 0.137037 0.093056
0 0.832716 0.911111 0.304939 0.177779
0 0.598148 0.902431 0.285185 0.192361
0 0.389507 0.910069 0.233333 0.167361
0 0.221605 0.913889 0.137037 0.148611
0 0.070988 0.906597 0.141975 0.145139
