0 0.171297 0.239150 0.308642 0.200522
0 0.735340 0.275173 0.254630 0.088542
0 0.476080 0.270833 0.270062 0.095487
0 0.915895 0.278645 0.168209 0.076388
0 0.791667 0.546442 0.219135 0.223090
0 0.947531 0.537760 0.104938 0.207465
0 0.431327 0.547743 0.251543 0.194445
0 0.603395 0.545138 0.188272 0.185763
0 0.165123 0.543403 0.219135 0.168403
0 0.153550 0.839410 0.217593 0.184028
0 0.380402 0.837673 0.257717 0.173612
0 0.578703 0.839843 0.200617 0.188368
0 0.806327 0.834635 0.273148 0.190103
0 0.938271 0.829427 0.123457 0.181423
