0 0.175925 0.146180 0.211111 0.167361
0 0.375925 0.135416 0.262963 0.215277
0 0.629012 0.137847 0.245679 0.221528
0 0.880247 0.136805 0.239506 0.218056
0 0.102469 0.453125 0.204938 0.221528
0 0.431481 0.460417 0.228395 0.215277
0 0.642592 0.461805 0.213580 0.188889
0 0.869136 0.459375 0.261729 0.204861
0 0.041358 0.735416 0.082717 0.166667
0 0.203704 0.734028 0.217284 0.175000
0 0.432716 0.739931 0.211111 0.160417
0 0.628395 0.736111 0.237037 0.168056
0 0.869136 0.752431 0.244444 0.171528
0 0.743209 0.955903 0.256791 0.088195
0 0.551235 0.945833 0.213580 0.108333
0 0.190124 0.929167 0.229629 0.141666
