0 0.048611 0.171007 0.097223 0.180555
0 0.269290 0.174478 0.229938 0.204862
0 0.477623 0.162760 0.226852 0.197048
0 0.658950 0.160590 0.182098 0.177083
0 0.851852 0.154948 0.197532 0.165798
0 0.774692 0.406250 0.280865 0.145833
0 0.655865 0.419272 0.194445 0.161458
0 0.493055 0.437933 0.233025 0.148438
0 0.321760 0.433593 0.251543 0.153647
0 0.166667 0.437067 0.222222 0.183160
0 0.084876 0.435330 0.169753 0.200522
0 0.185185 0.693142 0.348765 0.183160
0 0.552468 0.694010 0.299383 0.157118
0 0.743827 0.653647 0.259260 0.152778
0 0.904322 0.615017 0.188272 0.181423
