0 0.138889 0.187500 0.270371 0.188889
0 0.303704 0.192361 0.224692 0.188889
0 0.532099 0.217361 0.251852 0.166667
0 0.739507 0.225347 0.207408 0.170139
0 0.947531 0.201389 0.104939 0.161111
0 0.917901 0.504167 0.127160 0.176389
0 0.678395 0.521180 0.265432 0.154861
0 0.503704 0.521875 0.232099 0.161805
0 0.318519 0.503820 0.185185 0.146528
0 0.166667 0.505903 0.187655 0.113195
0 0.077778 0.487153 0.155555 0.131249
0 0.525925 0.768749 0.190124 0.151389
0 0.683951 0.775695 0.167901 0.148611
0 0.902469 0.806944 0.192592 0.141667
0 0.345061 0.778125 0.203704 0.085416
0 0.201852 0.737847 0.208641 0.115972
0 0.042593 0.736459 0.085186 0.124305
0 0.098765 0.889931 0.135803 0.100695
0 0.438889 0.931944 0.122223 0.100000
0 0.549383 0.935764 0.153087 0.113195
