0 0.108796 0.127170 0.217592 0.177952
0 0.295525 0.130208 0.245370 0.177083
0 0.891975 0.134115 0.216049 0.195313
0 0.305555 0.342448 0.200617 0.151910
0 0.141203 0.347657 0.266975 0.139757
0 0.892747 0.346355 0.214507 0.156250
0 0.920525 0.536458 0.158950 0.137153
0 0.298612 0.551650 0.251543 0.127605
0 0.097223 0.553820 0.194445 0.128472
0 0.347222 0.728298 0.191358 0.128472
0 0.169753 0.737413 0.197532 0.132812
0 0.040124 0.920138 0.080248 0.109375
0 0.381173 0.904948 0.200617 0.122397
0 0.847993 0.882813 0.162037 0.125000
0 0.952160 0.868055 0.095679 0.128472
