0 0.069136 0.045139 0.138272 0.090277
0 0.257408 0.048264 0.228395 0.096528
0 0.490124 0.053472 0.237037 0.106945
0 0.718519 0.067361 0.279012 0.134721
0 0.936420 0.059028 0.127161 0.118055
0 0.090124 0.318056 0.155556 0.169444
0 0.293827 0.311111 0.251852 0.177777
0 0.535185 0.313541 0.267901 0.186805
0 0.775925 0.330208 0.198765 0.118751
0 0.108641 0.558680 0.214815 0.152083
0 0.302469 0.564236 0.172840 0.146528
0 0.575925 0.552431 0.169136 0.150695
0 0.737037 0.550000 0.229629 0.158333
0 0.917901 0.553820 0.164198 0.147916
0 0.061728 0.786805 0.123457 0.172223
0 0.238889 0.789583 0.188889 0.156944
0 0.417901 0.791667 0.198765 0.147223
0 0.609876 0.788541 0.160493 0.153472
0 0.766667 0.781597 0.162963 0.156251
0 0.916049 0.775695 0.167901 0.150000
0 0.068519 0.956250 0.137037 0.087501
0 0.304321 0.950000 0.124692 0.091667
0 0.448765 0.957986 0.164197 0.084028
0 0.562345 0.962847 0.132099 0.074305
0 0.702469 0.948958 0.212345 0.102083
0 0.925309 0.945486 0.149383 0.109028
