0 0.037654 0.178125 0.075309 0.152083
0 0.133951 0.195487 0.137037 0.225695
0 0.227777 0.184723 0.193827 0.225000
0 0.348765 0.189236 0.166667 0.213195
0 0.490124 0.196875 0.128395 0.200695
0 0.565432 0.201389 0.150617 0.220833
0 0.680864 0.194792 0.183951 0.215972
0 0.837655 0.200000 0.104939 0.180556
0 0.947531 0.197569 0.104938 0.175695
0 0.076543 0.525000 0.150617 0.197223
0 0.316049 0.525695 0.150617 0.190277
0 0.414815 0.536459 0.145679 0.195139
0 0.532099 0.542013 0.125925 0.197917
0 0.626543 0.538541 0.134568 0.193751
0 0.756173 0.550000 0.144444 0.184723
0 0.885185 0.552083 0.167901 0.209723
0 0.795679 0.421875 0.280247 0.063195
0 0.069136 0.796875 0.083951 0.100695
0 0.174075 0.799305 0.086420 0.093056
0 0.320371 0.804861 0.124692 0.087500
0 0.461111 0.809028 0.109876 0.104167
0 0.620988 0.810416 0.155556 0.093056
0 0.759876 0.823611 0.137037 0.093056
0 0.911728 0.823611 0.119753 0.093056
