0 0.906173 0.223264 0.185185 0.149305
0 0.732099 0.222223 0.145679 0.138889
0 0.601235 0.212847 0.195061 0.143751
0 0.428395 0.198611 0.162963 0.158333
0 0.255556 0.190277 0.241975 0.184723
0 0.079013 0.184028 0.158025 0.197223
0 0.069753 0.464584 0.139505 0.140277
0 0.262345 0.463889 0.218519 0.165277
0 0.437037 0.457639 0.187655 0.162500
0 0.814815 0.460417 0.177777 0.156944
0 0.938272 0.452777 0.103704 0.136111
0 0.737037 0.660069 0.167901 0.120139
0 0.854321 0.647569 0.150617 0.127083
0 0.592592 0.669444 0.138272 0.125000
0 0.245679 0.685416 0.197531 0.123611
0 0.091975 0.702084 0.183951 0.133333
0 0.049383 0.908333 0.098765 0.152777
0 0.166667 0.913889 0.160493 0.147223
0 0.335803 0.890277 0.177777 0.140277
0 0.455556 0.875347 0.153087 0.115972
0 0.577777 0.864236 0.118519 0.134028
0 0.716049 0.845139 0.167901 0.133333
0 0.846296 0.837500 0.137037 0.118056
0 0.817284 0.971527 0.138272 0.056945
