0 0.857408 0.319792 0.196296 0.228472
0 0.653087 0.316667 0.143209 0.202777
0 0.529629 0.312500 0.135803 0.194444
0 0.412963 0.310069 0.109876 0.193751
0 0.312345 0.306944 0.116049 0.205556
0 0.188272 0.302431 0.119753 0.197917
0 0.072223 0.301041 0.117284 0.192361
0 0.053087 0.565277 0.088889 0.087500
0 0.209259 0.569444 0.119753 0.095833
0 0.348765 0.565972 0.114815 0.088889
0 0.485185 0.574653 0.091359 0.111805
0 0.590741 0.590625 0.109876 0.113195
0 0.873457 0.610069 0.225925 0.184028
0 0.911728 0.862847 0.176543 0.204861
0 0.528395 0.835764 0.274075 0.193751
0 0.286420 0.817708 0.320988 0.203472
0 0.101235 0.812153 0.202469 0.200695
