0 0.130864 0.118751 0.261729 0.204167
0 0.300617 0.128472 0.228395 0.194444
0 0.525925 0.121180 0.266667 0.209028
0 0.758641 0.130556 0.262963 0.200000
0 0.088889 0.435069 0.177777 0.227084
0 0.289507 0.440972 0.203704 0.229167
0 0.502469 0.455556 0.232099 0.213889
0 0.748765 0.444097 0.307408 0.245139
0 0.936420 0.453472 0.127161 0.218056
0 0.904939 0.746875 0.162963 0.184028
0 0.714197 0.746528 0.206173 0.169444
0 0.531481 0.748959 0.203704 0.177083
0 0.365432 0.743751 0.234568 0.177777
0 0.200617 0.732987 0.225925 0.171528
0 0.101852 0.935764 0.176543 0.128472
0 0.241975 0.940625 0.219753 0.118750
0 0.416049 0.946181 0.143209 0.107639
0 0.550000 0.941320 0.186420 0.117361
0 0.893210 0.943403 0.213581 0.113195
0 0.702469 0.948264 0.264197 0.103472
