0 0.046297 0.321180 0.092593 0.236112
0 0.145062 0.325522 0.182098 0.234375
0 0.304012 0.322917 0.188272 0.246528
0 0.603395 0.323785 0.188272 0.237847
0 0.726852 0.337240 0.182098 0.243923
0 0.873457 0.344183 0.157407 0.247397
0 0.953703 0.339843 0.092593 0.242188
0 0.178240 0.659288 0.121913 0.118923
0 0.294753 0.662760 0.104938 0.125868
0 0.425927 0.665798 0.108025 0.116320
0 0.608797 0.672743 0.155865 0.109375
0 0.784722 0.677952 0.137345 0.130208
0 0.943673 0.679687 0.112654 0.116320
0 0.747685 0.941406 0.356482 0.117188
0 0.088735 0.958767 0.177468 0.082465
