0 0.938272 0.159722 0.123457 0.178820
0 0.808642 0.160590 0.203703 0.173612
0 0.608025 0.181858 0.216050 0.191840
0 0.417438 0.183593 0.248457 0.195313
0 0.235340 0.196180 0.245370 0.194445
0 0.131945 0.476128 0.195988 0.184895
0 0.300927 0.468317 0.200617 0.184895
0 0.487655 0.455730 0.203703 0.177083
0 0.643518 0.446615 0.145062 0.155382
0 0.794753 0.423612 0.163580 0.180555
0 0.933642 0.634548 0.132717 0.184028
0 0.787037 0.671875 0.209877 0.180555
0 0.594907 0.720052 0.310185 0.174480
0 0.204475 0.726997 0.334877 0.209202
