0 0.182099 0.154513 0.203704 0.182639
0 0.597531 0.161459 0.192592 0.189583
0 0.402469 0.164931 0.237037 0.210416
0 0.758641 0.155556 0.262963 0.205556
0 0.948148 0.162500 0.103703 0.229167
0 0.172223 0.429513 0.208641 0.196528
0 0.379629 0.431597 0.211111 0.178472
0 0.563580 0.437153 0.191359 0.192361
0 0.815432 0.447917 0.230864 0.197223
0 0.961729 0.454167 0.076543 0.201389
0 0.338889 0.661459 0.282716 0.153472
0 0.503087 0.678820 0.216049 0.149305
0 0.672840 0.694444 0.234568 0.183333
0 0.883950 0.692013 0.232099 0.192361
0 0.664815 0.896180 0.220988 0.146528
0 0.938889 0.924653 0.122221 0.086805
