0 0.690741 0.319792 0.196296 0.228472
0 0.929629 0.302083 0.138272 0.215277
0 0.486420 0.316667 0.143209 0.202777
0 0.362963 0.312500 0.135803 0.194444
0 0.246296 0.310069 0.109876 0.193751
0 0.145679 0.306944 0.116049 0.205556
0 0.040741 0.302431 0.081482 0.197917
0 0.051234 0.569444 0.102469 0.095833
0 0.182099 0.565972 0.114815 0.088889
0 0.318519 0.574653 0.091359 0.111805
0 0.424075 0.590625 0.109876 0.113195
0 0.706791 0.610069 0.225925 0.184028
0 0.903704 0.625000 0.190124 0.156944
0 0.779012 0.862847 0.244444 0.204861
0 0.361728 0.835764 0.274075 0.193751
0 0.140124 0.817708 0.280247 0.203472
