0 0.094444 0.165625 0.188889 0.189583
0 0.230864 0.169444 0.254321 0.197223
0 0.474692 0.196528 0.285185 0.183333
0 0.654939 0.203125 0.201235 0.168749
0 0.885185 0.184028 0.128395 0.161111
0 0.959259 0.193751 0.081482 0.168056
0 0.938889 0.512847 0.122222 0.185417
0 0.859259 0.497223 0.140741 0.198611
0 0.620371 0.510764 0.240741 0.142361
0 0.435803 0.480556 0.266667 0.152777
0 0.253087 0.482987 0.180247 0.147916
0 0.087037 0.488195 0.171605 0.129167
0 0.169136 0.724653 0.170371 0.125695
0 0.301235 0.763889 0.187655 0.081944
0 0.469753 0.755556 0.183951 0.152777
0 0.633333 0.765625 0.192592 0.142361
0 0.842592 0.796528 0.179012 0.147223
0 0.387655 0.927083 0.125925 0.104167
0 0.507408 0.929861 0.150617 0.104167
0 0.057408 0.879513 0.114815 0.110416
