0 0.088272 0.187500 0.176544 0.194444
0 0.227777 0.199305 0.179012 0.176389
0 0.417901 0.194792 0.216049 0.189583
0 0.594444 0.204861 0.223457 0.187500
0 0.833951 0.225347 0.265432 0.170139
0 0.929013 0.535764 0.141975 0.171528
0 0.801852 0.526041 0.339507 0.167361
0 0.587655 0.513195 0.170371 0.147223
0 0.443827 0.519444 0.208641 0.126389
0 0.304321 0.497916 0.198765 0.123611
0 0.147531 0.487153 0.260493 0.124305
0 0.106791 0.735764 0.196296 0.125695
0 0.273457 0.741320 0.183951 0.117361
0 0.454939 0.762500 0.208641 0.133333
0 0.623457 0.790277 0.180247 0.080556
0 0.793827 0.782292 0.172840 0.132639
0 0.934568 0.796528 0.130865 0.143056
0 0.828395 0.950000 0.108641 0.098611
0 0.698765 0.944792 0.123457 0.097917
0 0.337037 0.905556 0.135803 0.106944
0 0.137037 0.881944 0.111111 0.088889
0 0.237037 0.941320 0.113580 0.078472
