0 0.217284 0.125347 0.323457 0.186805
0 0.534568 0.131249 0.232099 0.175000
0 0.728395 0.147569 0.140741 0.159028
0 0.876543 0.144792 0.190124 0.164584
0 0.852469 0.427083 0.233333 0.172223
0 0.686420 0.414583 0.172840 0.202777
0 0.492592 0.408333 0.259259 0.187500
0 0.293209 0.411805 0.198765 0.186111
0 0.099383 0.409723 0.198765 0.191667
0 0.082099 0.683680 0.164198 0.165972
0 0.254939 0.679861 0.201235 0.158333
0 0.372840 0.670139 0.143209 0.144444
0 0.582099 0.672916 0.183951 0.163889
0 0.748765 0.663541 0.181481 0.157639
0 0.893827 0.661805 0.145679 0.141667
0 0.937037 0.858333 0.125926 0.116667
0 0.891359 0.868751 0.155556 0.129167
0 0.761111 0.883680 0.186420 0.118751
0 0.624075 0.880208 0.201235 0.122917
0 0.500000 0.882987 0.177777 0.146528
0 0.395679 0.881597 0.213580 0.160417
0 0.258641 0.892708 0.146913 0.160417
0 0.109259 0.910069 0.218519 0.165972
