0 0.107253 0.246528 0.214506 0.206597
0 0.296297 0.238715 0.234568 0.203125
0 0.768518 0.242188 0.222222 0.196180
0 0.922840 0.232638 0.129630 0.170138
0 0.671297 0.491753 0.209877 0.150173
0 0.817902 0.476128 0.188272 0.158853
0 0.490740 0.503472 0.172840 0.156250
0 0.090277 0.523437 0.180555 0.154513
0 0.169753 0.779513 0.222222 0.175347
0 0.319445 0.760850 0.191358 0.144965
0 0.472222 0.746962 0.148148 0.167535
0 0.645062 0.723090 0.209877 0.166667
0 0.807870 0.713542 0.171297 0.147570
0 0.771605 0.917100 0.172840 0.143230
0 0.613427 0.924479 0.214507 0.151042
0 0.414352 0.938802 0.236112 0.122397
0 0.264660 0.953559 0.195988 0.092882
