0 0.838889 0.122223 0.225925 0.141667
0 0.582716 0.157987 0.222223 0.092361
0 0.383333 0.147223 0.191359 0.143056
0 0.182099 0.156597 0.220988 0.161805
0 0.160493 0.365277 0.187655 0.181944
0 0.341975 0.355208 0.160493 0.185417
0 0.505556 0.351736 0.201235 0.174305
0 0.636420 0.344792 0.127160 0.179861
0 0.906173 0.343403 0.162963 0.139584
0 0.769136 0.350347 0.138272 0.138195
0 0.866049 0.518749 0.174075 0.150000
0 0.701852 0.532987 0.174075 0.153472
0 0.545061 0.558333 0.193827 0.145833
0 0.173457 0.618056 0.228395 0.134723
0 0.053704 0.637153 0.107408 0.142361
0 0.148148 0.786459 0.249383 0.167361
0 0.459259 0.766320 0.217284 0.189583
0 0.585803 0.751389 0.141975 0.145833
0 0.763580 0.703820 0.132099 0.134028
0 0.882099 0.695487 0.171605 0.124305
