0 0.202469 0.042361 0.209876 0.084722
0 0.403704 0.052431 0.246913 0.104862
0 0.854939 0.053472 0.203704 0.070833
0 0.647531 0.050000 0.216049 0.076389
0 0.900000 0.270487 0.175308 0.178472
0 0.611728 0.271528 0.201235 0.155556
0 0.749383 0.269444 0.150617 0.148611
0 0.398765 0.268056 0.175308 0.134723
0 0.233951 0.267361 0.228395 0.163889
0 0.051852 0.276736 0.103704 0.160417
0 0.070988 0.520833 0.141975 0.136111
0 0.224692 0.508680 0.212345 0.131249
0 0.389507 0.504861 0.174075 0.147223
0 0.570988 0.503472 0.206173 0.138889
0 0.729629 0.505208 0.160493 0.150695
0 0.901234 0.501041 0.197531 0.152083
0 0.941975 0.693403 0.116049 0.152083
0 0.825308 0.707987 0.166667 0.147916
0 0.641975 0.699305 0.160493 0.118056
0 0.483951 0.704167 0.207408 0.111111
0 0.204321 0.715277 0.228395 0.138889
0 0.078395 0.715277 0.149383 0.148611
0 0.792592 0.866667 0.165432 0.116667
0 0.051852 0.276736 0.103704 0.160417
