0 0.535803 0.078820 0.303704 0.157639
0 0.779012 0.087500 0.256791 0.175001
0 0.358025 0.075347 0.175308 0.150694
0 0.240124 0.354167 0.206173 0.194444
0 0.394444 0.365972 0.179012 0.176389
0 0.584568 0.361459 0.216049 0.189583
0 0.761111 0.371528 0.223457 0.187500
0 0.933951 0.392013 0.132099 0.170139
0 0.899383 0.692708 0.201235 0.167361
0 0.754321 0.679861 0.170371 0.147223
0 0.610493 0.686111 0.208641 0.126389
0 0.470988 0.664583 0.198765 0.123611
0 0.314197 0.653820 0.260493 0.124305
0 0.064197 0.879861 0.128395 0.130556
0 0.273457 0.902431 0.196296 0.125695
0 0.440124 0.907987 0.183951 0.117361
0 0.621605 0.929167 0.208641 0.133333
0 0.790124 0.956944 0.180247 0.080556
0 0.937037 0.941320 0.125927 0.117361
