0 0.030247 0.106597 0.060494 0.209028
0 0.109876 0.113542 0.150617 0.227083
0 0.239507 0.117013 0.103704 0.203472
0 0.424075 0.122917 0.117284 0.184723
0 0.501852 0.129513 0.134568 0.197917
0 0.630864 0.129513 0.118519 0.209028
0 0.727160 0.125347 0.071605 0.189583
0 0.772840 0.146875 0.061728 0.192361
0 0.845061 0.138195 0.104939 0.177777
0 0.956173 0.109028 0.087655 0.127777
0 0.043827 0.420487 0.087655 0.152083
0 0.153087 0.414583 0.113580 0.134723
0 0.263580 0.435069 0.112345 0.185417
0 0.370371 0.438195 0.116049 0.184723
0 0.475925 0.441667 0.114815 0.191667
0 0.589507 0.430556 0.070371 0.177777
0 0.669753 0.431944 0.109876 0.175000
0 0.765432 0.433680 0.101235 0.174305
0 0.860493 0.436111 0.098765 0.169444
0 0.948148 0.428820 0.086420 0.154861
0 0.886420 0.322223 0.227161 0.047223
0 0.965432 0.654513 0.069136 0.086805
0 0.893827 0.663195 0.064197 0.079167
0 0.783333 0.663195 0.127160 0.084723
0 0.659876 0.670487 0.092592 0.078472
0 0.540741 0.679513 0.086420 0.088195
0 0.453087 0.680903 0.098765 0.079861
0 0.373457 0.684375 0.117284 0.072917
0 0.277777 0.744097 0.103704 0.079861
0 0.175308 0.744444 0.093827 0.079167
0 0.069753 0.765625 0.122223 0.103472
0 0.112346 0.953819 0.224691 0.092361
0 0.288889 0.936111 0.167901 0.127777
0 0.412345 0.938542 0.185185 0.122917
0 0.533333 0.922222 0.162963 0.155556
0 0.692592 0.894097 0.190124 0.189583
0 0.898765 0.874653 0.175308 0.174305
