0 0.206790 0.062934 0.314815 0.125868
0 0.466050 0.069010 0.259260 0.138020
0 0.741512 0.051215 0.162037 0.102431
0 0.872685 0.056423 0.155865 0.112847
0 0.923612 0.460937 0.149692 0.105903
0 0.804783 0.401910 0.180555 0.213542
0 0.689043 0.380208 0.158950 0.220487
0 0.389660 0.401475 0.331790 0.193577
0 0.171297 0.402343 0.290123 0.202257
0 0.199073 0.710937 0.237655 0.189237
0 0.396605 0.719618 0.209877 0.185763
0 0.669753 0.758680 0.240740 0.177083
0 0.904322 0.761718 0.188272 0.195313
0 0.090278 0.914930 0.152778 0.125000
0 0.228395 0.919705 0.191358 0.141493
