0 0.491975 0.133680 0.243209 0.202083
0 0.725308 0.136805 0.208641 0.208333
0 0.915432 0.138541 0.169135 0.211805
0 0.466049 0.420487 0.198765 0.184028
0 0.630864 0.419097 0.180247 0.184028
0 0.791975 0.413195 0.151852 0.172223
0 0.148765 0.413889 0.265432 0.186111
0 0.053704 0.646875 0.107407 0.179861
0 0.210493 0.652777 0.196296 0.176389
0 0.446296 0.660764 0.208641 0.178472
0 0.744444 0.662153 0.145679 0.175695
0 0.895061 0.671180 0.160493 0.172917
0 0.111111 0.860416 0.209876 0.073611
0 0.440124 0.843749 0.201235 0.130556
0 0.869753 0.879861 0.260494 0.188889
0 0.066667 0.134028 0.133333 0.191667
