0 0.175925 0.201736 0.196296 0.142361
0 0.336420 0.204167 0.196296 0.141667
0 0.050617 0.190972 0.101234 0.118056
0 0.819753 0.207292 0.185185 0.156251
0 0.344444 0.373959 0.160493 0.121528
0 0.212963 0.378125 0.213580 0.111805
0 0.825925 0.377084 0.195061 0.125000
0 0.956173 0.369792 0.087655 0.117361
0 0.929630 0.520139 0.140740 0.105556
0 0.839507 0.529167 0.133333 0.109723
0 0.338889 0.541320 0.201235 0.102084
0 0.170371 0.543056 0.170371 0.102777
0 0.062963 0.373611 0.125927 0.118056
0 0.377777 0.682639 0.153087 0.102777
0 0.235803 0.689931 0.158025 0.106249
0 0.104321 0.836111 0.119753 0.087500
0 0.404939 0.823959 0.160493 0.097917
0 0.778395 0.806251 0.129629 0.100000
0 0.877777 0.794444 0.108641 0.102777
0 0.953704 0.784723 0.092592 0.098611
0 0.404939 0.958681 0.180247 0.082639
