0 0.853087 0.247916 0.172840 0.202777
0 0.659259 0.241667 0.259259 0.187500
0 0.459876 0.245139 0.198765 0.186111
0 0.228395 0.243056 0.274075 0.191667
0 0.235185 0.517013 0.191359 0.165972
0 0.421605 0.513195 0.201235 0.158333
0 0.539507 0.503472 0.143209 0.144444
0 0.748765 0.506249 0.183951 0.163889
0 0.912346 0.496875 0.175309 0.157639
0 0.917284 0.717013 0.165433 0.118751
0 0.790741 0.713541 0.201235 0.122917
0 0.666667 0.716320 0.177777 0.146528
0 0.562345 0.714931 0.213580 0.160417
0 0.425308 0.726041 0.146913 0.160417
0 0.269753 0.928472 0.186420 0.143055
0 0.270371 0.743403 0.229629 0.165972
0 0.681481 0.921180 0.279012 0.146528
0 0.927777 0.921875 0.144445 0.125695
