0 0.193673 0.183160 0.251543 0.197917
0 0.341050 0.171007 0.179012 0.180555
0 0.602623 0.174478 0.229938 0.204862
0 0.810957 0.162760 0.226852 0.197048
0 0.950617 0.160590 0.098766 0.177083
0 0.945988 0.419272 0.108024 0.161458
0 0.826388 0.437933 0.233025 0.148438
0 0.655093 0.433593 0.251543 0.153647
0 0.500000 0.437067 0.222222 0.183160
0 0.369598 0.435330 0.266975 0.200522
0 0.198302 0.449218 0.183642 0.200522
0 0.060185 0.706163 0.120371 0.186632
0 0.074074 0.470920 0.148148 0.207465
0 0.518518 0.693142 0.348765 0.183160
0 0.868055 0.694010 0.263890 0.157118
