0 0.076543 0.191667 0.150617 0.197223
0 0.316049 0.192361 0.150617 0.190277
0 0.414815 0.203125 0.145679 0.195139
0 0.532099 0.208680 0.125925 0.197917
0 0.626543 0.205208 0.134568 0.193751
0 0.756173 0.216667 0.144444 0.184723
0 0.885185 0.218749 0.167901 0.209723
0 0.795679 0.088541 0.280247 0.063195
0 0.069136 0.463541 0.083951 0.100695
0 0.174075 0.465972 0.086420 0.093056
0 0.320371 0.471528 0.124692 0.087500
0 0.461111 0.475695 0.109876 0.104167
0 0.620988 0.477083 0.155556 0.093056
0 0.759876 0.490277 0.137037 0.093056
0 0.911728 0.490277 0.119753 0.093056
0 0.881481 0.771180 0.237037 0.218749
0 0.666049 0.754513 0.304939 0.197917
0 0.431481 0.735764 0.285185 0.192361
0 0.222840 0.743403 0.233333 0.167361
0 0.061729 0.747223 0.123457 0.148611
0 0.078395 0.933333 0.156790 0.131944
0 0.260493 0.942013 0.239507 0.114584
0 0.493827 0.947569 0.256791 0.103472
0 0.722223 0.949305 0.244444 0.100000
