0 0.044444 0.215625 0.088889 0.167361
0 0.164815 0.214236 0.198765 0.170139
0 0.363580 0.202777 0.196296 0.176389
0 0.537037 0.204513 0.160493 0.168749
0 0.741975 0.211111 0.251852 0.152777
0 0.929012 0.212153 0.141975 0.134028
0 0.867901 0.474653 0.192592 0.122917
0 0.716049 0.481944 0.200000 0.144444
0 0.550000 0.491667 0.171605 0.143056
0 0.398765 0.489931 0.172840 0.114584
0 0.273457 0.494792 0.169136 0.118751
0 0.100000 0.511459 0.199999 0.122917
0 0.863580 0.691667 0.119753 0.097223
0 0.735803 0.697569 0.175308 0.114584
0 0.583951 0.719792 0.133333 0.064584
0 0.448148 0.700347 0.153087 0.110416
0 0.270988 0.701736 0.171605 0.135416
0 0.129629 0.715625 0.187655 0.127083
0 0.166667 0.857987 0.091359 0.079861
0 0.263580 0.905208 0.102469 0.054861
0 0.344444 0.846528 0.113580 0.086111
0 0.677160 0.850000 0.109876 0.084723
0 0.767901 0.835069 0.091359 0.085416
