0 0.164815 0.066319 0.198765 0.132639
0 0.363580 0.062153 0.196296 0.124305
0 0.537037 0.061111 0.160493 0.122221
0 0.741975 0.060416 0.251852 0.120833
0 0.929012 0.056250 0.141975 0.112501
0 0.867901 0.307987 0.192592 0.122917
0 0.716049 0.315277 0.200000 0.144444
0 0.550000 0.325000 0.171605 0.143056
0 0.398765 0.323264 0.172840 0.114584
0 0.273457 0.328125 0.169136 0.118751
0 0.100000 0.344792 0.199999 0.122917
0 0.863580 0.525000 0.119753 0.097223
0 0.735803 0.530903 0.175308 0.114584
0 0.583951 0.553125 0.133333 0.064584
0 0.448148 0.533680 0.153087 0.110416
0 0.270988 0.535069 0.171605 0.135416
0 0.129629 0.548959 0.187655 0.127083
0 0.166667 0.691320 0.091359 0.079861
0 0.263580 0.738541 0.102469 0.054861
0 0.344444 0.679861 0.113580 0.086111
0 0.677160 0.683333 0.109876 0.084723
0 0.767901 0.668403 0.091359 0.085416
