0 0.127160 0.144444 0.251852 0.177777
0 0.368519 0.146875 0.267901 0.186805
0 0.609259 0.163541 0.198765 0.118751
0 0.877160 0.145487 0.228395 0.160417
0 0.135803 0.397569 0.172840 0.146528
0 0.409259 0.385764 0.169136 0.150695
0 0.570371 0.383333 0.229629 0.158333
0 0.923457 0.379167 0.153086 0.156944
0 0.780864 0.387153 0.223457 0.147916
0 0.083334 0.622916 0.166667 0.156944
0 0.251235 0.625000 0.198765 0.147223
0 0.443209 0.621875 0.160493 0.153472
0 0.600000 0.614931 0.162963 0.156251
0 0.766049 0.609028 0.201235 0.150000
0 0.929630 0.609028 0.140741 0.138889
0 0.137655 0.783333 0.124692 0.091667
0 0.282099 0.826041 0.164197 0.153472
0 0.395679 0.826736 0.132099 0.135416
0 0.535803 0.811459 0.212345 0.160417
0 0.766667 0.804167 0.165432 0.159723
0 0.925926 0.804167 0.148148 0.154167
