0 0.105967 0.134259 0.187242 0.268519
0 0.283951 0.136574 0.193416 0.273149
0 0.459876 0.142361 0.191358 0.284722
0 0.649178 0.127315 0.117284 0.254630
0 0.782922 0.127314 0.183127 0.254629
0 0.929012 0.128472 0.141976 0.256943
0 0.933128 0.494213 0.133744 0.141204
0 0.766460 0.506367 0.154320 0.130787
0 0.567902 0.521411 0.144033 0.146991
0 0.421811 0.523727 0.164609 0.133102
0 0.289096 0.529513 0.195473 0.121529
0 0.129629 0.629051 0.172840 0.133102
0 0.148149 0.921297 0.279836 0.157407
0 0.353909 0.925347 0.308642 0.149306
0 0.555556 0.898148 0.271604 0.203704
0 0.820987 0.860533 0.316873 0.278934
