0 0.081481 0.162500 0.106173 0.243056
0 0.170371 0.163195 0.133333 0.236111
0 0.288889 0.167708 0.170371 0.242361
0 0.412345 0.171180 0.148148 0.235417
0 0.579012 0.173611 0.170371 0.230556
0 0.710493 0.175347 0.132099 0.152083
0 0.895061 0.187500 0.145679 0.244444
0 0.777777 0.547569 0.160493 0.203472
0 0.645679 0.543751 0.165432 0.180556
0 0.557408 0.537153 0.132099 0.196528
0 0.413580 0.517013 0.135803 0.178472
0 0.312963 0.502777 0.137037 0.173611
0 0.114197 0.496875 0.122223 0.172917
0 0.224075 0.496180 0.127160 0.163195
0 0.185185 0.815277 0.113580 0.180556
0 0.132716 0.799653 0.117284 0.200695
0 0.279629 0.867708 0.102469 0.107639
0 0.393209 0.867361 0.134568 0.097223
0 0.495061 0.875000 0.130864 0.104167
0 0.632716 0.824305 0.109876 0.105556
0 0.740741 0.831249 0.111111 0.094444
0 0.833951 0.836805 0.139507 0.088889
0 0.964815 0.848611 0.070371 0.105556
