0 0.194444 0.045139 0.216049 0.090278
0 0.428395 0.052431 0.365432 0.104861
0 0.669753 0.051736 0.265432 0.103472
0 0.808025 0.053819 0.201235 0.107639
0 0.188889 0.312500 0.271605 0.119444
0 0.467901 0.303820 0.298765 0.177083
0 0.735185 0.307639 0.203704 0.151389
0 0.076543 0.535764 0.148148 0.200695
0 0.237037 0.537153 0.222223 0.206251
0 0.417284 0.531944 0.158025 0.184723
0 0.593209 0.534375 0.270371 0.203472
0 0.774692 0.532987 0.196296 0.192361
0 0.932716 0.538195 0.134568 0.190277
0 0.095679 0.760416 0.191358 0.188889
0 0.231481 0.795139 0.188889 0.129167
0 0.408641 0.776736 0.222223 0.134028
0 0.820988 0.773264 0.241975 0.160417
0 0.785185 0.936806 0.204939 0.126389
0 0.430864 0.940972 0.180247 0.118056
0 0.887037 0.938889 0.139507 0.122222
0 0.216667 0.940972 0.161728 0.118055
0 0.086420 0.939236 0.172840 0.121528
0 0.609876 0.712153 0.150617 0.090972
