0 0.119598 0.179253 0.239197 0.223090
0 0.315587 0.197917 0.229938 0.196180
0 0.533950 0.187933 0.296297 0.236978
0 0.739968 0.204862 0.208333 0.204862
0 0.915123 0.204862 0.169753 0.199653
0 0.801698 0.506945 0.344135 0.239583
0 0.537808 0.535157 0.322532 0.212673
0 0.316358 0.533853 0.253087 0.241320
0 0.121142 0.533420 0.242284 0.235243
0 0.938272 0.826388 0.123457 0.178820
0 0.808642 0.827257 0.203703 0.173612
0 0.608025 0.848525 0.216050 0.191840
0 0.417438 0.850260 0.248457 0.195313
0 0.235340 0.862847 0.245370 0.194445
