0 0.870370 0.265625 0.169753 0.243055
0 0.724537 0.262587 0.137345 0.242188
0 0.598765 0.258680 0.145062 0.256945
0 0.443673 0.253038 0.149692 0.247397
0 0.298612 0.251302 0.146605 0.240452
0 0.170525 0.240452 0.131173 0.239583
0 0.052469 0.240452 0.104938 0.250000
0 0.118827 0.574653 0.138888 0.123263
0 0.274692 0.581597 0.111112 0.109375
0 0.469907 0.586805 0.149692 0.119792
0 0.644290 0.582465 0.143518 0.111112
0 0.814815 0.593317 0.114198 0.139757
0 0.939044 0.613282 0.121912 0.141493
0 0.848765 0.899305 0.302470 0.201389
0 0.566358 0.884983 0.401235 0.230035
0 0.290895 0.882379 0.341050 0.235243
