0 0.079013 0.145833 0.158025 0.119444
0 0.301235 0.137153 0.298765 0.177083
0 0.568519 0.140972 0.203704 0.151389
0 0.090741 0.370487 0.181482 0.206251
0 0.250617 0.365277 0.158025 0.184723
0 0.426543 0.367708 0.270371 0.203472
0 0.608025 0.366320 0.196296 0.192361
0 0.769136 0.371528 0.140741 0.190277
0 0.913580 0.398959 0.172839 0.160417
0 0.079630 0.628472 0.159259 0.129167
0 0.241975 0.610069 0.222223 0.134028
0 0.654321 0.606597 0.241975 0.160417
0 0.878395 0.590972 0.201235 0.183333
0 0.948766 0.784723 0.102469 0.148611
0 0.618519 0.804167 0.204939 0.194444
0 0.264197 0.796180 0.180247 0.161805
0 0.720371 0.793056 0.139507 0.163889
0 0.065432 0.794792 0.130864 0.159028
0 0.443209 0.545487 0.150617 0.090972
