0 0.199383 0.133680 0.329629 0.211805
0 0.533951 0.139236 0.300000 0.247917
0 0.767901 0.156944 0.244444 0.218056
0 0.239507 0.435069 0.239507 0.217361
0 0.491359 0.390972 0.192592 0.115277
0 0.518519 0.497916 0.197531 0.109723
0 0.727777 0.479513 0.260493 0.154861
0 0.755556 0.363541 0.251852 0.113195
0 0.190741 0.735764 0.225925 0.167361
0 0.497531 0.725000 0.227160 0.227777
0 0.728395 0.728472 0.254321 0.227777
0 0.909259 0.729861 0.181481 0.209723
0 0.228395 0.945139 0.219753 0.109723
0 0.713580 0.956945 0.204939 0.086111
0 0.514815 0.925694 0.256791 0.148611
0 0.889506 0.961458 0.220988 0.077083
