0 0.089506 0.178472 0.179013 0.194444
0 0.357408 0.177431 0.295061 0.196528
0 0.541359 0.183680 0.218519 0.175695
0 0.793209 0.205208 0.193827 0.140972
0 0.943210 0.198959 0.113580 0.171528
0 0.946297 0.455556 0.107407 0.141667
0 0.749383 0.491320 0.222223 0.092361
0 0.550000 0.480556 0.191359 0.143056
0 0.123457 0.490625 0.246914 0.139584
0 0.348765 0.489931 0.220988 0.161805
0 0.105555 0.385416 0.211111 0.113889
0 0.153704 0.717361 0.243209 0.220833
0 0.327160 0.698611 0.187655 0.181944
0 0.508641 0.688541 0.160493 0.185417
0 0.672223 0.685069 0.201235 0.174305
0 0.803087 0.678125 0.127160 0.179861
0 0.933333 0.683680 0.133333 0.138195
0 0.868519 0.866320 0.174075 0.153472
0 0.711728 0.891667 0.193827 0.145833
0 0.340124 0.942014 0.228395 0.115972
0 0.173457 0.949653 0.201235 0.100694
