0 0.369136 0.078820 0.303704 0.157639
0 0.612345 0.087500 0.256791 0.175001
0 0.866666 0.086805 0.266667 0.173611
0 0.191359 0.075347 0.175308 0.150694
0 0.088272 0.354167 0.176544 0.194444
0 0.227777 0.365972 0.179012 0.176389
0 0.417901 0.361459 0.216049 0.189583
0 0.594444 0.371528 0.223457 0.187500
0 0.833951 0.392013 0.265432 0.170139
0 0.929013 0.702431 0.141975 0.171528
0 0.801852 0.692708 0.339507 0.167361
0 0.587655 0.679861 0.170371 0.147223
0 0.443827 0.686111 0.208641 0.126389
0 0.304321 0.664583 0.198765 0.123611
0 0.147531 0.653820 0.260493 0.124305
0 0.106791 0.902431 0.196296 0.125695
0 0.273457 0.907987 0.183951 0.117361
0 0.454939 0.929167 0.208641 0.133333
0 0.623457 0.956944 0.180247 0.080556
0 0.793827 0.941320 0.172840 0.117361
0 0.934568 0.945833 0.130865 0.108333
