0 0.434568 0.049653 0.244444 0.099305
0 0.158025 0.224305 0.192592 0.115277
0 0.185185 0.331249 0.197531 0.109723
0 0.394444 0.312847 0.260493 0.154861
0 0.422223 0.196875 0.251852 0.113195
0 0.682099 0.309375 0.300000 0.177083
0 0.888889 0.308333 0.219753 0.204167
0 0.164197 0.558333 0.227160 0.227777
0 0.395061 0.561805 0.254321 0.227777
0 0.603087 0.563195 0.235803 0.209723
0 0.804939 0.563541 0.271605 0.206251
0 0.380247 0.822917 0.204939 0.151389
0 0.181481 0.791667 0.256791 0.213889
0 0.563580 0.829861 0.235803 0.147223
