0 0.048765 0.214236 0.097531 0.170139
0 0.196913 0.202777 0.196296 0.176389
0 0.370371 0.204513 0.160493 0.168749
0 0.575308 0.211111 0.251852 0.152777
0 0.763580 0.212153 0.144444 0.134028
0 0.940124 0.185069 0.090124 0.135416
0 0.949383 0.452777 0.098765 0.159723
0 0.701235 0.474653 0.192592 0.122917
0 0.549383 0.481944 0.200000 0.144444
0 0.383333 0.491667 0.171605 0.143056
0 0.232099 0.489931 0.172840 0.114584
0 0.106791 0.494792 0.169136 0.118751
0 0.893827 0.680556 0.162963 0.129167
0 0.696913 0.691667 0.119753 0.097223
0 0.569136 0.697569 0.175308 0.114584
0 0.417284 0.719792 0.133333 0.064584
0 0.281481 0.700347 0.153087 0.110416
0 0.104321 0.701736 0.171605 0.135416
0 0.022840 0.857987 0.045679 0.079861
0 0.096913 0.905208 0.102469 0.054861
0 0.177777 0.846528 0.113580 0.086111
0 0.510493 0.850000 0.109876 0.084723
0 0.601235 0.835069 0.091359 0.085416
0 0.898148 0.851389 0.201235 0.176389
