0 0.200000 0.104514 0.222223 0.209027
0 0.419753 0.103472 0.269136 0.206945
0 0.654939 0.104514 0.230864 0.209027
0 0.867901 0.110417 0.256791 0.200000
0 0.121605 0.385069 0.201235 0.184028
0 0.311111 0.373264 0.160493 0.163195
0 0.722223 0.392361 0.162963 0.166667
0 0.538889 0.391667 0.196296 0.165277
0 0.906173 0.395833 0.185185 0.169444
0 0.127160 0.626736 0.160493 0.186805
0 0.409876 0.635416 0.190124 0.173611
0 0.277160 0.625695 0.179012 0.175000
0 0.590124 0.643403 0.180247 0.149305
0 0.746913 0.643056 0.150617 0.150000
0 0.874692 0.644097 0.176543 0.189583
0 0.800617 0.890277 0.282716 0.144444
0 0.447531 0.856597 0.285185 0.189583
0 0.054938 0.821180 0.109877 0.131249
