0 0.158025 0.057639 0.192592 0.115277
0 0.185185 0.164583 0.197531 0.109723
0 0.394444 0.146180 0.260493 0.154861
0 0.422223 0.043403 0.251852 0.086805
0 0.682099 0.142708 0.300000 0.177083
0 0.888889 0.141667 0.219753 0.204167
0 0.164197 0.391667 0.227160 0.227777
0 0.395061 0.395139 0.254321 0.227777
0 0.603087 0.396528 0.235803 0.209723
0 0.804939 0.396875 0.271605 0.206251
0 0.380247 0.656251 0.204939 0.151389
0 0.181481 0.625000 0.256791 0.213889
0 0.563580 0.663195 0.235803 0.147223
0 0.167284 0.857292 0.235803 0.190972
0 0.298765 0.849653 0.185185 0.159028
0 0.517901 0.854861 0.235803 0.179167
0 0.891359 0.880903 0.214815 0.210416
