0 0.156791 0.053472 0.237037 0.106945
0 0.385185 0.067361 0.279012 0.134721
0 0.632099 0.059028 0.185185 0.118055
0 0.836420 0.060764 0.253087 0.121527
0 0.201852 0.313541 0.267901 0.186805
0 0.442592 0.330208 0.198765 0.118751
0 0.710493 0.312153 0.228395 0.160417
0 0.867901 0.308333 0.200000 0.161111
0 0.242592 0.552431 0.169136 0.150695
0 0.403704 0.550000 0.229629 0.158333
0 0.784568 0.545833 0.208641 0.156944
0 0.614197 0.553820 0.223457 0.147916
0 0.091975 0.791667 0.183951 0.147223
0 0.276543 0.788541 0.160493 0.153472
0 0.433333 0.781597 0.162963 0.156251
0 0.599383 0.775695 0.201235 0.150000
0 0.781481 0.775695 0.177777 0.138889
0 0.115432 0.957986 0.164197 0.084028
0 0.229012 0.962847 0.132099 0.074305
0 0.369136 0.948958 0.212345 0.102083
0 0.600000 0.945486 0.165432 0.109028
0 0.770371 0.946875 0.170371 0.106250
