0 0.058642 0.234375 0.117283 0.267362
0 0.226080 0.222657 0.152778 0.190103
0 0.375772 0.244358 0.171297 0.282118
0 0.493055 0.230903 0.242283 0.281250
0 0.644290 0.236545 0.208333 0.266493
0 0.820988 0.246093 0.160493 0.250868
0 0.910494 0.251737 0.179013 0.276042
0 0.046297 0.654513 0.092593 0.236112
0 0.145062 0.658855 0.182098 0.234375
0 0.304012 0.656250 0.188272 0.246528
0 0.603395 0.657118 0.188272 0.237847
0 0.726852 0.670573 0.182098 0.243923
0 0.873457 0.677517 0.157407 0.247397
0 0.953703 0.673177 0.092593 0.242188
0 0.178240 0.966580 0.121913 0.066840
0 0.294753 0.966580 0.104938 0.066841
0 0.425927 0.970486 0.108025 0.059028
