0 0.043210 0.129167 0.086420 0.231944
0 0.182716 0.130556 0.120988 0.201389
0 0.288272 0.131944 0.060493 0.190277
0 0.374692 0.123611 0.107408 0.195833
0 0.492592 0.113195 0.103704 0.144444
0 0.770988 0.144444 0.327160 0.223611
0 0.690741 0.486459 0.196296 0.228472
0 0.929629 0.468749 0.138272 0.215277
0 0.486420 0.483333 0.143209 0.202777
0 0.362963 0.479167 0.135803 0.194444
0 0.246296 0.476736 0.109876 0.193751
0 0.145679 0.473611 0.116049 0.205556
0 0.040741 0.469097 0.081482 0.197917
0 0.051234 0.736111 0.102469 0.095833
0 0.182099 0.732639 0.114815 0.088889
0 0.318519 0.741320 0.091359 0.111805
0 0.424075 0.757292 0.109876 0.113195
0 0.706791 0.776736 0.225925 0.184028
0 0.903704 0.791667 0.190124 0.156944
0 0.361728 0.952778 0.274075 0.094445
0 0.140124 0.941319 0.280247 0.117361
