0 0.219136 0.217361 0.292592 0.237500
0 0.470988 0.231597 0.243209 0.193751
0 0.735803 0.226389 0.318519 0.225000
0 0.890741 0.250695 0.218518 0.152777
0 0.110493 0.519097 0.176543 0.168749
0 0.305556 0.520833 0.270371 0.188889
0 0.470371 0.525695 0.224692 0.188889
0 0.698765 0.550695 0.251852 0.166667
0 0.901235 0.558680 0.197531 0.170139
0 0.845061 0.854513 0.265432 0.154861
0 0.670371 0.855208 0.232099 0.161805
0 0.485185 0.837153 0.185185 0.146528
0 0.333333 0.839236 0.187655 0.113195
0 0.214815 0.820487 0.214815 0.131249
0 0.079012 0.811805 0.153087 0.133333
