0 0.133951 0.128472 0.228395 0.194444
0 0.359259 0.121180 0.266667 0.209028
0 0.591975 0.130556 0.262963 0.200000
0 0.856791 0.129513 0.271605 0.204861
0 0.122840 0.440972 0.203704 0.229167
0 0.335803 0.455556 0.232099 0.213889
0 0.582099 0.444097 0.307408 0.245139
0 0.815432 0.453472 0.218519 0.218056
0 0.738272 0.746875 0.162963 0.184028
0 0.547531 0.746528 0.206173 0.169444
0 0.364815 0.748959 0.203704 0.177083
0 0.198765 0.743751 0.234568 0.177777
0 0.073457 0.732987 0.146913 0.171528
0 0.092592 0.940625 0.185185 0.118750
0 0.249383 0.946181 0.143209 0.107639
0 0.383333 0.941320 0.186420 0.117361
0 0.776543 0.943403 0.313580 0.113195
0 0.535803 0.948264 0.264197 0.103472
