0 0.031481 0.079167 0.062963 0.133333
0 0.100617 0.086111 0.095061 0.152777
0 0.201235 0.087153 0.106173 0.152083
0 0.319753 0.081249 0.113580 0.134723
0 0.430247 0.101736 0.112345 0.185417
0 0.537037 0.104861 0.116049 0.184723
0 0.642592 0.108333 0.114815 0.191667
0 0.756173 0.097223 0.070371 0.177777
0 0.836420 0.098611 0.109876 0.175000
0 0.932099 0.100347 0.101235 0.174305
0 0.943210 0.329861 0.113580 0.084723
0 0.826543 0.337153 0.092592 0.078472
0 0.707408 0.346180 0.086420 0.088195
0 0.619753 0.347569 0.098765 0.079861
0 0.540124 0.351041 0.117284 0.072917
0 0.444444 0.410764 0.103704 0.079861
0 0.341975 0.411111 0.093827 0.079167
0 0.236420 0.432292 0.122223 0.103472
0 0.123457 0.400000 0.113580 0.184723
0 0.039507 0.387153 0.079012 0.172917
0 0.098148 0.653125 0.191359 0.152083
0 0.279012 0.641667 0.224692 0.134723
0 0.455556 0.612153 0.167901 0.146528
0 0.579012 0.617708 0.185185 0.147916
0 0.700000 0.592013 0.162963 0.161805
0 0.859259 0.560764 0.190124 0.189583
0 0.909876 0.759028 0.180247 0.159723
0 0.729012 0.775347 0.211111 0.156251
0 0.493827 0.798611 0.256791 0.152777
0 0.170988 0.845487 0.267901 0.186805
