0 0.116049 0.114236 0.232099 0.189583
0 0.324692 0.137153 0.185185 0.171528
0 0.541975 0.125000 0.279012 0.159723
0 0.781481 0.138541 0.269136 0.192361
0 0.136420 0.391320 0.216049 0.157639
0 0.348765 0.392361 0.218519 0.148611
0 0.541975 0.393749 0.202469 0.145833
0 0.814197 0.384723 0.161728 0.150000
0 0.932716 0.388889 0.134567 0.155556
0 0.283333 0.607639 0.188889 0.172223
0 0.450000 0.629513 0.220988 0.170139
0 0.654321 0.624653 0.209876 0.140972
0 0.822223 0.623611 0.187655 0.155556
0 0.951852 0.622569 0.096295 0.157639
0 0.217901 0.836111 0.245679 0.188889
0 0.490124 0.789583 0.140741 0.093056
0 0.646296 0.841667 0.171605 0.143056
0 0.917284 0.827084 0.165433 0.154167
0 0.782099 0.836111 0.122223 0.145833
