0 0.058642 0.154513 0.117284 0.182639
0 0.430864 0.161459 0.192592 0.189583
0 0.235803 0.164931 0.237037 0.210416
0 0.591975 0.155556 0.262963 0.205556
0 0.837655 0.162500 0.216049 0.229167
0 0.054938 0.429513 0.109877 0.196528
0 0.212963 0.431597 0.211111 0.178472
0 0.396913 0.437153 0.191359 0.192361
0 0.648765 0.447917 0.230864 0.197223
0 0.840124 0.454167 0.166667 0.201389
0 0.172223 0.661459 0.282716 0.153472
0 0.336420 0.678820 0.216049 0.149305
0 0.506173 0.694444 0.234568 0.183333
0 0.729629 0.692013 0.256791 0.192361
0 0.498148 0.896180 0.220988 0.146528
0 0.906173 0.707292 0.187654 0.185417
0 0.824692 0.924653 0.227160 0.086805
