0 0.087655 0.054514 0.175308 0.109027
0 0.226543 0.056598 0.255556 0.113195
0 0.362345 0.059375 0.211111 0.118749
0 0.504321 0.057292 0.228395 0.114583
0 0.729629 0.053125 0.241975 0.106250
0 0.884568 0.057292 0.196296 0.114584
0 0.099383 0.276736 0.198765 0.181249
0 0.364197 0.282292 0.279012 0.128472
0 0.765432 0.278820 0.244444 0.161805
0 0.063580 0.497916 0.127160 0.181944
0 0.204939 0.502777 0.170371 0.183333
0 0.384568 0.499305 0.223457 0.184723
0 0.534568 0.503820 0.158025 0.159028
0 0.683333 0.517361 0.176543 0.143056
0 0.832716 0.517361 0.188889 0.140277
0 0.087655 0.721528 0.175308 0.119444
0 0.432099 0.705903 0.212345 0.153472
0 0.644444 0.705556 0.167901 0.168056
0 0.824692 0.703125 0.158025 0.163195
0 0.108025 0.886805 0.169136 0.152777
0 0.423457 0.911111 0.207408 0.162500
0 0.548765 0.893403 0.129629 0.161805
0 0.793827 0.890277 0.167901 0.144444
