0 0.133951 0.070834 0.137037 0.141667
0 0.227777 0.065278 0.193827 0.130556
0 0.348765 0.064583 0.166667 0.129167
0 0.490124 0.065278 0.128395 0.130555
0 0.565432 0.072570 0.150617 0.145139
0 0.680864 0.068056 0.183951 0.136111
0 0.837655 0.061806 0.104939 0.123611
0 0.947531 0.059375 0.104938 0.118750
0 0.076543 0.358333 0.150617 0.197223
0 0.316049 0.359028 0.150617 0.190277
0 0.414815 0.369792 0.145679 0.195139
0 0.532099 0.375347 0.125925 0.197917
0 0.626543 0.371875 0.134568 0.193751
0 0.756173 0.383333 0.144444 0.184723
0 0.885185 0.385416 0.167901 0.209723
0 0.795679 0.255208 0.280247 0.063195
0 0.069136 0.630208 0.083951 0.100695
0 0.174075 0.632639 0.086420 0.093056
0 0.320371 0.638195 0.124692 0.087500
0 0.461111 0.642361 0.109876 0.104167
0 0.620988 0.643749 0.155556 0.093056
0 0.759876 0.656944 0.137037 0.093056
0 0.911728 0.656944 0.119753 0.093056
0 0.881481 0.914236 0.237037 0.171528
0 0.666049 0.911111 0.304939 0.177779
0 0.431481 0.902431 0.285185 0.192361
0 0.222840 0.910069 0.233333 0.167361
0 0.061729 0.913889 0.123457 0.148611
