0 0.100617 0.151736 0.201235 0.185417
0 0.287655 0.153125 0.246913 0.192361
0 0.520988 0.157987 0.241975 0.196528
0 0.745061 0.165277 0.277777 0.186111
0 0.921605 0.168403 0.156791 0.184028
0 0.116049 0.447569 0.232099 0.189583
0 0.324692 0.470487 0.185185 0.171528
0 0.541975 0.458333 0.279012 0.159723
0 0.781481 0.471875 0.269136 0.192361
0 0.136420 0.724653 0.216049 0.157639
0 0.348765 0.725695 0.218519 0.148611
0 0.541975 0.727083 0.202469 0.145833
0 0.814197 0.718056 0.161728 0.150000
0 0.932716 0.722223 0.134567 0.155556
0 0.283333 0.927430 0.188889 0.145139
0 0.450000 0.938889 0.220988 0.122223
0 0.654321 0.943750 0.209876 0.112499
0 0.822223 0.939583 0.187655 0.120834
