0 0.141976 0.196528 0.283951 0.183333
0 0.321605 0.203125 0.201235 0.168749
0 0.551852 0.184028 0.128395 0.161111
0 0.643827 0.193751 0.117284 0.168056
0 0.750000 0.184723 0.149383 0.169444
0 0.875925 0.185069 0.146913 0.159028
0 0.938889 0.573264 0.119753 0.096528
0 0.817901 0.568403 0.127160 0.093749
0 0.700617 0.563195 0.117284 0.095833
0 0.616049 0.512847 0.143209 0.185417
0 0.525925 0.497223 0.140741 0.198611
0 0.287037 0.510764 0.240741 0.142361
0 0.117901 0.480556 0.235803 0.152777
0 0.136420 0.755556 0.183951 0.152777
0 0.300000 0.765625 0.192592 0.142361
0 0.509259 0.796528 0.179012 0.147223
0 0.718519 0.820139 0.212345 0.158333
0 0.058642 0.927083 0.117284 0.104167
0 0.910493 0.820139 0.176543 0.151389
0 0.174075 0.929861 0.150617 0.104167
