0 0.067284 0.189583 0.134567 0.191667
0 0.170988 0.198264 0.228395 0.165972
0 0.396296 0.180903 0.241975 0.184028
0 0.551235 0.201389 0.196296 0.159723
0 0.740741 0.188889 0.219753 0.165277
0 0.913580 0.186111 0.167901 0.165277
0 0.085185 0.448959 0.170370 0.128472
0 0.432099 0.445487 0.244444 0.161805
0 0.727160 0.451389 0.165432 0.161111
0 0.906791 0.453125 0.183951 0.152083
0 0.081482 0.665972 0.162963 0.184723
0 0.201235 0.670487 0.158025 0.159028
0 0.350000 0.684028 0.176543 0.143056
0 0.499383 0.684028 0.188889 0.140277
0 0.699383 0.688195 0.211111 0.140277
0 0.883333 0.688889 0.218519 0.147223
0 0.102469 0.872569 0.204938 0.153472
0 0.311111 0.872223 0.167901 0.168056
0 0.793209 0.883680 0.223457 0.145139
0 0.491359 0.869792 0.158025 0.163195
0 0.922223 0.896528 0.153087 0.144444
