0 0.243827 0.119792 0.255556 0.221528
0 0.598148 0.127084 0.228395 0.215277
0 0.809259 0.128472 0.213580 0.188889
0 0.172840 0.402083 0.153087 0.166667
0 0.370371 0.400695 0.217284 0.175000
0 0.599383 0.406597 0.211111 0.160417
0 0.795061 0.402777 0.237037 0.168056
0 0.890740 0.660764 0.218519 0.164584
0 0.717901 0.644792 0.213580 0.172917
0 0.162963 0.622569 0.274075 0.196528
0 0.356791 0.624653 0.229629 0.199305
0 0.093209 0.835417 0.151852 0.172223
0 0.229629 0.829513 0.150617 0.159028
0 0.367284 0.831944 0.201235 0.155556
0 0.654321 0.865972 0.241975 0.194444
0 0.750000 0.852777 0.129629 0.154167
0 0.917901 0.825695 0.139507 0.098611
