0 0.547531 0.189583 0.107408 0.231944
0 0.669753 0.191320 0.151852 0.236805
0 0.789507 0.199305 0.161728 0.236111
0 0.155556 0.180556 0.303704 0.200000
0 0.926543 0.190972 0.144444 0.241667
0 0.356791 0.216320 0.202469 0.172917
0 0.141976 0.529861 0.283951 0.183333
0 0.321605 0.536459 0.201235 0.168749
0 0.551852 0.517361 0.128395 0.161111
0 0.643827 0.527084 0.117284 0.168056
0 0.750000 0.518056 0.149383 0.169444
0 0.875925 0.518403 0.146913 0.159028
0 0.938889 0.906597 0.119753 0.096528
0 0.817901 0.901736 0.127160 0.093749
0 0.700617 0.896528 0.117284 0.095833
0 0.616049 0.846180 0.143209 0.185417
0 0.525925 0.830556 0.140741 0.198611
0 0.287037 0.844097 0.240741 0.142361
0 0.117901 0.813889 0.235803 0.152777
