0 0.658641 0.133680 0.243209 0.202083
0 0.891975 0.136805 0.208641 0.208333
0 0.632716 0.420487 0.198765 0.184028
0 0.797531 0.419097 0.180247 0.184028
0 0.941358 0.413195 0.117285 0.172223
0 0.121605 0.412500 0.243209 0.168056
0 0.315432 0.413889 0.265432 0.186111
0 0.162345 0.646875 0.223457 0.179861
0 0.377160 0.652777 0.196296 0.176389
0 0.612963 0.660764 0.208641 0.178472
0 0.911111 0.662153 0.145679 0.175695
0 0.038889 0.847223 0.077777 0.156944
0 0.277777 0.860416 0.209876 0.073611
0 0.606791 0.843749 0.201235 0.130556
0 0.199383 0.134028 0.201235 0.191667
