0 0.154322 0.246093 0.160493 0.250868
0 0.248457 0.251737 0.188272 0.276042
0 0.392747 0.243490 0.229938 0.269965
0 0.588735 0.250000 0.131173 0.225695
0 0.730710 0.246962 0.140432 0.219618
0 0.885032 0.238282 0.192902 0.245660
0 0.075617 0.670573 0.151234 0.243923
0 0.206790 0.677517 0.157407 0.247397
0 0.324845 0.673177 0.168210 0.242188
0 0.486883 0.687500 0.180555 0.230903
0 0.648148 0.690103 0.209877 0.262153
0 0.536265 0.527343 0.350308 0.078993
0 0.810185 0.698350 0.216050 0.273437
0 0.926698 0.694445 0.143518 0.244792
