0 0.880864 0.069444 0.107408 0.138888
0 0.488889 0.056945 0.303704 0.113889
0 0.690124 0.068056 0.202469 0.136112
0 0.216667 0.065972 0.248148 0.131945
0 0.094444 0.332292 0.188889 0.189583
0 0.230864 0.336111 0.254321 0.197223
0 0.474692 0.363195 0.285185 0.183333
0 0.654939 0.369792 0.201235 0.168749
0 0.885185 0.350695 0.128395 0.161111
0 0.959259 0.360417 0.081482 0.168056
0 0.938889 0.679513 0.122222 0.185417
0 0.859259 0.663889 0.140741 0.198611
0 0.620371 0.677431 0.240741 0.142361
0 0.435803 0.647223 0.266667 0.152777
0 0.253087 0.649653 0.180247 0.147916
0 0.087037 0.654861 0.171605 0.129167
0 0.169136 0.891320 0.170371 0.125695
0 0.301235 0.930556 0.187655 0.081944
0 0.469753 0.922223 0.183951 0.152777
0 0.633333 0.930556 0.192592 0.138889
0 0.842592 0.944792 0.179012 0.110417
