0 0.948765 0.228820 0.102470 0.209028
0 0.870988 0.227431 0.144444 0.211805
0 0.611111 0.214236 0.160493 0.203472
0 0.479012 0.210417 0.165432 0.180556
0 0.390741 0.203820 0.132099 0.196528
0 0.246913 0.183680 0.135803 0.178472
0 0.146296 0.169444 0.137037 0.173611
0 0.060494 0.162847 0.120988 0.163195
0 0.037654 0.481944 0.075309 0.180556
0 0.112963 0.534375 0.102469 0.107639
0 0.226543 0.534028 0.134568 0.097223
0 0.328395 0.541667 0.130864 0.104167
0 0.466049 0.490972 0.109876 0.105556
0 0.574075 0.497916 0.111111 0.094444
0 0.667284 0.503472 0.139507 0.088889
0 0.831481 0.515277 0.137037 0.105556
0 0.957408 0.525695 0.085185 0.112500
0 0.869136 0.794792 0.261728 0.225695
0 0.674692 0.808333 0.216049 0.184723
0 0.483333 0.802431 0.196296 0.170139
0 0.353704 0.780903 0.176543 0.127083
0 0.153087 0.767013 0.246913 0.163195
