0 0.096914 0.191320 0.193827 0.160417
0 0.521605 0.220139 0.203704 0.070833
0 0.314197 0.216667 0.216049 0.076389
0 0.703704 0.222916 0.209876 0.061111
0 0.893209 0.444792 0.208641 0.171528
0 0.566667 0.437153 0.175308 0.178472
0 0.739507 0.430208 0.180247 0.165972
0 0.278395 0.438195 0.201235 0.155556
0 0.416049 0.436111 0.150617 0.148611
0 0.076543 0.434723 0.153086 0.134723
0 0.071605 0.671528 0.143211 0.147223
0 0.237655 0.670139 0.206173 0.138889
0 0.396296 0.671875 0.160493 0.150695
0 0.578395 0.667708 0.218519 0.152083
0 0.866667 0.668751 0.133333 0.130556
0 0.743827 0.663541 0.218519 0.145139
0 0.816049 0.862847 0.185185 0.157639
0 0.637037 0.860069 0.172840 0.152083
0 0.491975 0.874653 0.166667 0.147916
0 0.308641 0.865972 0.160493 0.118056
0 0.150617 0.870833 0.207408 0.111111
