0 0.196913 0.062153 0.196296 0.124305
0 0.370371 0.061111 0.160493 0.122221
0 0.575308 0.060416 0.251852 0.120833
0 0.763580 0.056250 0.144444 0.112501
0 0.940124 0.043055 0.090124 0.086111
0 0.949383 0.286111 0.098765 0.159723
0 0.701235 0.307987 0.192592 0.122917
0 0.549383 0.315277 0.200000 0.144444
0 0.383333 0.325000 0.171605 0.143056
0 0.232099 0.323264 0.172840 0.114584
0 0.106791 0.328125 0.169136 0.118751
0 0.893827 0.513889 0.162963 0.129167
0 0.696913 0.525000 0.119753 0.097223
0 0.569136 0.530903 0.175308 0.114584
0 0.417284 0.553125 0.133333 0.064584
0 0.281481 0.533680 0.153087 0.110416
0 0.104321 0.535069 0.171605 0.135416
0 0.022840 0.691320 0.045679 0.079861
0 0.096913 0.738541 0.102469 0.054861
0 0.177777 0.679861 0.113580 0.086111
0 0.510493 0.683333 0.109876 0.084723
0 0.601235 0.668403 0.091359 0.085416
0 0.898148 0.684723 0.201235 0.176389
