0 0.858641 0.039584 0.166667 0.079167
0 0.885186 0.238889 0.229629 0.191667
0 0.696913 0.261459 0.258025 0.170139
0 0.519753 0.260416 0.202469 0.193056
0 0.317901 0.260069 0.285185 0.188195
0 0.118519 0.258680 0.237037 0.188195
0 0.913580 0.495139 0.162963 0.138889
0 0.753087 0.512153 0.172840 0.153472
0 0.600617 0.513541 0.198765 0.156251
0 0.454939 0.523611 0.196296 0.155556
0 0.237655 0.520833 0.174075 0.138889
0 0.092592 0.532639 0.185185 0.162500
0 0.235803 0.752431 0.165432 0.161805
0 0.372223 0.747569 0.156791 0.147916
0 0.507408 0.741320 0.160493 0.147916
0 0.656791 0.731251 0.162963 0.141667
0 0.781481 0.723959 0.116049 0.124305
0 0.902469 0.705556 0.130864 0.144444
0 0.896296 0.904167 0.167901 0.144444
0 0.742592 0.936458 0.248148 0.127084
0 0.430247 0.932292 0.267901 0.135417
