0 0.099383 0.084722 0.198765 0.169445
0 0.304321 0.080903 0.243209 0.161806
0 0.569136 0.086111 0.318519 0.172223
0 0.753704 0.084028 0.277777 0.152777
0 0.958642 0.086806 0.082715 0.173611
0 0.138889 0.354167 0.270371 0.188889
0 0.303704 0.359028 0.224692 0.188889
0 0.532099 0.384028 0.251852 0.166667
0 0.739507 0.392013 0.207408 0.170139
0 0.947531 0.368056 0.104939 0.161111
0 0.917901 0.670833 0.127160 0.176389
0 0.678395 0.687847 0.265432 0.154861
0 0.503704 0.688541 0.232099 0.161805
0 0.318519 0.670487 0.185185 0.146528
0 0.166667 0.672569 0.187655 0.113195
0 0.077778 0.653820 0.155555 0.131249
0 0.525925 0.929861 0.190124 0.140279
0 0.683951 0.934028 0.167901 0.131944
0 0.902469 0.951389 0.192592 0.097223
0 0.345061 0.944792 0.203704 0.085416
0 0.201852 0.904513 0.208641 0.115972
0 0.042593 0.903125 0.085186 0.124305
