0 0.714197 0.069444 0.107408 0.138888
0 0.836420 0.071528 0.151852 0.143056
0 0.937655 0.075347 0.124691 0.150694
0 0.322223 0.056945 0.303704 0.113889
0 0.523457 0.068056 0.202469 0.136112
0 0.087037 0.065972 0.174074 0.131945
0 0.095679 0.336111 0.191358 0.197223
0 0.308025 0.363195 0.285185 0.183333
0 0.488272 0.369792 0.201235 0.168749
0 0.718519 0.350695 0.128395 0.161111
0 0.810493 0.360417 0.117284 0.168056
0 0.916667 0.351389 0.149383 0.169444
0 0.960494 0.735069 0.079012 0.093749
0 0.867284 0.729861 0.117284 0.095833
0 0.782716 0.679513 0.143209 0.185417
0 0.692592 0.663889 0.140741 0.198611
0 0.453704 0.677431 0.240741 0.142361
0 0.269136 0.647223 0.266667 0.152777
0 0.088272 0.649653 0.176543 0.147916
0 0.043827 0.891320 0.087655 0.125695
0 0.134568 0.930556 0.187655 0.081944
0 0.303087 0.922223 0.183951 0.152777
0 0.466667 0.930556 0.192592 0.138889
0 0.675925 0.944792 0.179012 0.110417
0 0.885185 0.953819 0.212345 0.092361
