0 0.288889 0.101042 0.296296 0.202083
0 0.533333 0.104514 0.222223 0.209027
0 0.753087 0.103472 0.269136 0.206945
0 0.936420 0.104514 0.127160 0.209027
0 0.270371 0.391667 0.185185 0.177777
0 0.454939 0.385069 0.201235 0.184028
0 0.644444 0.373264 0.160493 0.163195
0 0.872223 0.391667 0.196296 0.165277
0 0.312345 0.633333 0.217284 0.179167
0 0.460493 0.626736 0.160493 0.186805
0 0.743209 0.635416 0.190124 0.173611
0 0.610493 0.625695 0.179012 0.175000
0 0.916667 0.643403 0.166666 0.149305
0 0.780864 0.856597 0.285185 0.189583
0 0.335185 0.821180 0.216049 0.131249
