0 0.164815 0.215625 0.181481 0.167361
0 0.331481 0.214236 0.198765 0.170139
0 0.530247 0.202777 0.196296 0.176389
0 0.703704 0.204513 0.160493 0.168749
0 0.891358 0.211111 0.217285 0.152777
0 0.882716 0.481944 0.200000 0.144444
0 0.716667 0.491667 0.171605 0.143056
0 0.565432 0.489931 0.172840 0.114584
0 0.440124 0.494792 0.169136 0.118751
0 0.261728 0.511459 0.209876 0.122917
0 0.902469 0.697569 0.175308 0.114584
0 0.750617 0.719792 0.133333 0.064584
0 0.614815 0.700347 0.153087 0.110416
0 0.437655 0.701736 0.171605 0.135416
0 0.296296 0.715625 0.187655 0.127083
0 0.077778 0.725695 0.155555 0.133333
0 0.088889 0.880903 0.160493 0.106249
0 0.096913 0.952431 0.161728 0.093749
0 0.333333 0.857987 0.091359 0.079861
0 0.430247 0.905208 0.102469 0.054861
0 0.511111 0.846528 0.113580 0.086111
0 0.843827 0.850000 0.109876 0.084723
0 0.934568 0.835069 0.091359 0.085416
