0 0.254630 0.054254 0.280865 0.108507
0 0.540123 0.062934 0.314815 0.125868
0 0.799383 0.069010 0.259260 0.138020
0 0.722993 0.401475 0.331790 0.193577
0 0.504630 0.402343 0.290123 0.202257
0 0.273148 0.379775 0.231482 0.183160
0 0.100309 0.382378 0.200617 0.141493
0 0.532407 0.710937 0.237655 0.189237
0 0.729938 0.719618 0.209877 0.185763
0 0.941358 0.758680 0.117283 0.177083
0 0.306327 0.722657 0.254630 0.106770
0 0.128858 0.672308 0.257716 0.144965
0 0.041667 0.862413 0.083333 0.125868
0 0.423612 0.914930 0.152778 0.125000
0 0.561728 0.919705 0.191358 0.141493
