0 0.212963 0.087848 0.292592 0.175695
0 0.658025 0.096528 0.274075 0.193056
0 0.850000 0.088542 0.206173 0.177083
0 0.906790 0.347223 0.186419 0.136111
0 0.773457 0.349653 0.238272 0.168749
0 0.590741 0.357292 0.253087 0.175695
0 0.392592 0.358333 0.301235 0.186111
0 0.190124 0.378472 0.239507 0.176389
0 0.104938 0.639236 0.209877 0.177083
0 0.414197 0.586805 0.213580 0.145833
0 0.603704 0.586111 0.180247 0.125000
0 0.802469 0.589931 0.170371 0.154861
0 0.941358 0.569792 0.117284 0.171528
0 0.756791 0.763541 0.227160 0.113195
