0 0.190741 0.177431 0.295061 0.196528
0 0.374692 0.183680 0.218519 0.175695
0 0.626543 0.205208 0.193827 0.140972
0 0.835185 0.198959 0.230864 0.171528
0 0.838889 0.455556 0.225925 0.141667
0 0.582716 0.491320 0.222223 0.092361
0 0.383333 0.480556 0.191359 0.143056
0 0.182099 0.489931 0.220988 0.161805
0 0.160493 0.698611 0.187655 0.181944
0 0.341975 0.688541 0.160493 0.185417
0 0.505556 0.685069 0.201235 0.174305
0 0.636420 0.678125 0.127160 0.179861
0 0.906173 0.676736 0.162963 0.139584
0 0.769136 0.683680 0.138272 0.138195
0 0.866049 0.852083 0.174075 0.150000
0 0.701852 0.866320 0.174075 0.153472
0 0.545061 0.891667 0.193827 0.145833
0 0.173457 0.942014 0.228395 0.115972
