0 0.088889 0.268403 0.177777 0.227084
0 0.289507 0.274305 0.203704 0.229167
0 0.502469 0.288889 0.232099 0.213889
0 0.748765 0.277431 0.307408 0.245139
0 0.936420 0.286805 0.127161 0.218056
0 0.904939 0.580208 0.162963 0.184028
0 0.714197 0.579861 0.206173 0.169444
0 0.531481 0.582292 0.203704 0.177083
0 0.365432 0.577084 0.234568 0.177777
0 0.200617 0.566320 0.225925 0.171528
0 0.101852 0.798959 0.176543 0.188195
0 0.241975 0.805208 0.219753 0.181249
0 0.416049 0.807987 0.143209 0.164584
0 0.550000 0.807987 0.186420 0.184028
0 0.893210 0.803472 0.213581 0.166667
0 0.702469 0.811459 0.264197 0.163195
