0 0.336420 0.051736 0.265432 0.103472
0 0.474692 0.053819 0.201235 0.107639
0 0.629012 0.059375 0.265432 0.118750
0 0.873457 0.053472 0.250617 0.106944
0 0.141975 0.303820 0.283951 0.177083
0 0.401852 0.307639 0.203704 0.151389
0 0.859876 0.317361 0.277777 0.141667
0 0.083951 0.531944 0.158025 0.184723
0 0.259876 0.534375 0.270371 0.203472
0 0.441359 0.532987 0.196296 0.192361
0 0.602469 0.538195 0.140741 0.190277
0 0.767901 0.565625 0.214815 0.160417
0 0.093210 0.776736 0.186419 0.134028
0 0.487655 0.773264 0.241975 0.160417
0 0.711728 0.757639 0.201235 0.183333
0 0.820988 0.938542 0.180247 0.122916
0 0.891359 0.760764 0.187655 0.174305
0 0.451852 0.936806 0.204939 0.126389
0 0.097531 0.940972 0.180247 0.118056
0 0.553704 0.938889 0.139507 0.122222
0 0.276543 0.712153 0.150617 0.090972
