0 0.819753 0.150000 0.143209 0.202777
0 0.696296 0.145833 0.135803 0.194444
0 0.579629 0.143403 0.109876 0.193751
0 0.479012 0.140277 0.116049 0.205556
0 0.354939 0.135764 0.119753 0.197917
0 0.238889 0.134375 0.117284 0.192361
0 0.136420 0.125695 0.104939 0.191667
0 0.041975 0.125695 0.083950 0.200000
0 0.095061 0.393056 0.111111 0.098611
0 0.219753 0.398611 0.088889 0.087500
0 0.375925 0.402777 0.119753 0.095833
0 0.515432 0.399305 0.114815 0.088889
0 0.651852 0.407987 0.091359 0.111805
0 0.757408 0.423959 0.109876 0.113195
0 0.695061 0.669097 0.274075 0.193751
0 0.453087 0.651041 0.320988 0.203472
0 0.232716 0.645487 0.272840 0.200695
0 0.136420 0.851041 0.238272 0.135416
0 0.317284 0.870487 0.237037 0.152083
0 0.525308 0.885416 0.297531 0.170833
0 0.807408 0.892013 0.234568 0.152083
