0 0.057407 0.146180 0.114814 0.167361
0 0.209259 0.135416 0.262963 0.215277
0 0.462345 0.137847 0.245679 0.221528
0 0.722223 0.136805 0.256791 0.218056
0 0.915432 0.133333 0.166667 0.222223
0 0.264815 0.460417 0.228395 0.215277
0 0.475925 0.461805 0.213580 0.188889
0 0.730247 0.459375 0.317284 0.204861
0 0.072840 0.734028 0.145679 0.175000
0 0.266049 0.739931 0.211111 0.160417
0 0.461728 0.736111 0.237037 0.168056
0 0.702469 0.752431 0.244444 0.171528
0 0.799383 0.960764 0.248148 0.078473
0 0.576543 0.955903 0.256791 0.088195
0 0.384568 0.945833 0.213580 0.108333
