0 0.342592 0.368403 0.196296 0.142361
0 0.503087 0.370833 0.196296 0.141667
0 0.193209 0.357639 0.149383 0.118056
0 0.946914 0.373959 0.106173 0.156251
0 0.511111 0.540625 0.160493 0.121528
0 0.379629 0.544792 0.213580 0.111805
0 0.947531 0.543751 0.104939 0.125000
0 0.969753 0.695833 0.060493 0.109723
0 0.505556 0.707987 0.201235 0.102084
0 0.337037 0.709723 0.170371 0.102777
0 0.206173 0.540277 0.172840 0.118056
0 0.544444 0.849305 0.153087 0.102777
0 0.402469 0.856597 0.158025 0.106249
0 0.270988 0.979514 0.119753 0.040973
0 0.571605 0.970833 0.160493 0.058333
0 0.940123 0.961459 0.119753 0.077083
