0 0.733333 0.103820 0.175308 0.178472
0 0.906173 0.096875 0.180247 0.165972
0 0.445061 0.104861 0.201235 0.155556
0 0.582716 0.102777 0.150617 0.148611
0 0.232099 0.101389 0.175308 0.134723
0 0.090741 0.100695 0.181481 0.163889
0 0.082099 0.342013 0.164198 0.131249
0 0.222840 0.338195 0.174075 0.147223
0 0.404321 0.336805 0.206173 0.138889
0 0.562963 0.338541 0.160493 0.150695
0 0.745061 0.334375 0.218519 0.152083
0 0.900617 0.330208 0.198766 0.145139
0 0.945062 0.529513 0.109877 0.157639
0 0.803704 0.526736 0.172840 0.152083
0 0.658641 0.541320 0.166667 0.147916
0 0.475308 0.532639 0.160493 0.118056
0 0.317284 0.537500 0.207408 0.111111
0 0.075926 0.548611 0.151852 0.138889
0 0.625925 0.700000 0.165432 0.116667
0 0.879629 0.712153 0.179012 0.072917
