0 0.516667 0.056250 0.319753 0.112500
0 0.822840 0.054861 0.292592 0.098611
0 0.299383 0.050695 0.230864 0.101389
0 0.083951 0.299653 0.167902 0.178472
0 0.283951 0.296528 0.251852 0.179167
0 0.481481 0.309028 0.195061 0.181944
0 0.731481 0.309723 0.253087 0.177777
0 0.878395 0.309375 0.243210 0.181249
0 0.096296 0.573264 0.192593 0.177083
0 0.268519 0.577777 0.225925 0.134723
0 0.459876 0.573611 0.206173 0.168056
0 0.657408 0.572223 0.228395 0.170833
0 0.858641 0.578472 0.154321 0.158333
0 0.901234 0.806597 0.197531 0.175695
0 0.727777 0.791320 0.188889 0.139584
0 0.554321 0.784028 0.244444 0.141667
0 0.417901 0.744444 0.159259 0.097223
0 0.230864 0.793056 0.256791 0.170833
0 0.090123 0.799305 0.180246 0.144444
0 0.873457 0.966319 0.188889 0.067361
