0 0.270062 0.054687 0.188272 0.109375
0 0.393518 0.062934 0.182098 0.125868
0 0.540123 0.067274 0.157407 0.134548
0 0.658178 0.063802 0.168210 0.127604
0 0.820217 0.068142 0.180555 0.136285
0 0.092593 0.332465 0.108025 0.116320
0 0.275463 0.339410 0.155865 0.109375
0 0.451388 0.344618 0.137345 0.130208
0 0.651235 0.346353 0.194445 0.116320
0 0.824845 0.362847 0.171297 0.116320
0 0.707562 0.693142 0.381173 0.247397
0 0.414352 0.669705 0.356482 0.240452
0 0.153550 0.679253 0.291667 0.209202
0 0.200617 0.927517 0.299383 0.143230
0 0.492283 0.934462 0.320988 0.129340
0 0.777778 0.936632 0.305555 0.125000
