0 0.683333 0.186805 0.319753 0.184723
0 0.198148 0.185764 0.275308 0.193751
0 0.921605 0.221528 0.156789 0.098611
0 0.466049 0.187153 0.230864 0.161805
0 0.222223 0.466320 0.224692 0.178472
0 0.450617 0.463195 0.251852 0.179167
0 0.648148 0.475695 0.195061 0.181944
0 0.885802 0.476389 0.228395 0.177777
0 0.238272 0.739931 0.241975 0.177083
0 0.435185 0.744444 0.225925 0.134723
0 0.626543 0.740277 0.206173 0.168056
0 0.824075 0.738889 0.228395 0.170833
0 0.894444 0.944097 0.188889 0.111805
0 0.720988 0.939931 0.244444 0.120139
0 0.584568 0.911111 0.159259 0.097223
0 0.397531 0.937153 0.256791 0.125694
0 0.242592 0.946875 0.208641 0.106250
