0 0.918519 0.212847 0.162963 0.143751
0 0.761728 0.198611 0.162963 0.158333
0 0.588889 0.190277 0.241975 0.184723
0 0.374075 0.184028 0.234568 0.197223
0 0.166049 0.173611 0.233333 0.187500
0 0.207408 0.453125 0.187655 0.179861
0 0.393209 0.464584 0.159259 0.140277
0 0.595679 0.463889 0.218519 0.165277
0 0.770371 0.457639 0.187655 0.162500
0 0.925925 0.669444 0.138272 0.125000
0 0.579012 0.685416 0.197531 0.123611
0 0.233333 0.709028 0.195061 0.147223
0 0.413580 0.702084 0.207408 0.133333
0 0.332099 0.908333 0.200000 0.152777
0 0.500000 0.913889 0.160493 0.147223
0 0.669136 0.890277 0.177777 0.140277
0 0.788889 0.875347 0.153087 0.115972
0 0.911111 0.864236 0.118519 0.134028
