0 0.069445 0.155382 0.129630 0.274305
0 0.200617 0.172743 0.157407 0.263888
0 0.330247 0.168403 0.138888 0.293403
0 0.436728 0.161458 0.175927 0.289930
0 0.645062 0.163195 0.151235 0.251737
0 0.777007 0.164930 0.075617 0.237847
0 0.885032 0.154513 0.134260 0.244792
0 0.870370 0.598958 0.169753 0.243055
0 0.724537 0.595920 0.137345 0.242188
0 0.598765 0.592013 0.145062 0.256945
0 0.443673 0.586372 0.149692 0.247397
0 0.298612 0.584635 0.146605 0.240452
0 0.170525 0.573785 0.131173 0.239583
0 0.052469 0.573785 0.104938 0.250000
0 0.118827 0.907987 0.138888 0.123263
0 0.274692 0.914930 0.111112 0.109375
0 0.469907 0.920138 0.149692 0.119792
0 0.644290 0.915798 0.143518 0.111112
0 0.814815 0.926650 0.114198 0.139757
0 0.939044 0.937934 0.121912 0.124132
