0 0.854938 0.201823 0.290124 0.212673
0 0.649692 0.200520 0.253087 0.241320
0 0.397377 0.200087 0.356482 0.235243
0 0.148148 0.198350 0.296297 0.235243
0 0.916667 0.515192 0.166667 0.191840
0 0.750772 0.516927 0.248457 0.195313
0 0.568673 0.529513 0.245370 0.194445
0 0.297068 0.526042 0.217593 0.173612
0 0.115740 0.540798 0.231481 0.203125
0 0.294753 0.815538 0.206790 0.202257
0 0.465278 0.809462 0.195988 0.184895
0 0.634260 0.801650 0.200617 0.184895
0 0.820988 0.789063 0.203703 0.177083
0 0.952160 0.779948 0.095679 0.155382
