0 0.055556 0.124305 0.103704 0.219444
0 0.160493 0.138195 0.125925 0.211111
0 0.264197 0.134723 0.111111 0.234723
0 0.349383 0.129167 0.140741 0.231944
0 0.516049 0.130556 0.120988 0.201389
0 0.621605 0.131944 0.060493 0.190277
0 0.708025 0.123611 0.107408 0.195833
0 0.825925 0.113195 0.103704 0.144444
0 0.819753 0.483333 0.143209 0.202777
0 0.696296 0.479167 0.135803 0.194444
0 0.579629 0.476736 0.109876 0.193751
0 0.479012 0.473611 0.116049 0.205556
0 0.354939 0.469097 0.119753 0.197917
0 0.238889 0.467708 0.117284 0.192361
0 0.136420 0.459028 0.104939 0.191667
0 0.041975 0.459028 0.083950 0.200000
0 0.095061 0.726389 0.111111 0.098611
0 0.219753 0.731944 0.088889 0.087500
0 0.375925 0.736111 0.119753 0.095833
0 0.515432 0.732639 0.114815 0.088889
0 0.651852 0.741320 0.091359 0.111805
0 0.757408 0.757292 0.109876 0.113195
0 0.695061 0.952778 0.274075 0.094445
0 0.453087 0.941319 0.320988 0.117361
0 0.232716 0.939236 0.272840 0.121527
