0 0.099383 0.160417 0.198765 0.225000
0 0.250617 0.178472 0.190124 0.194444
0 0.524075 0.177431 0.295061 0.196528
0 0.708025 0.183680 0.218519 0.175695
0 0.931481 0.205208 0.137037 0.140972
0 0.902469 0.491320 0.195062 0.092361
0 0.716667 0.480556 0.191359 0.143056
0 0.274692 0.490625 0.277777 0.139584
0 0.515432 0.489931 0.220988 0.161805
0 0.259876 0.385416 0.235803 0.113889
0 0.090124 0.499305 0.180247 0.134723
0 0.132099 0.720139 0.264197 0.198611
0 0.320371 0.717361 0.243209 0.220833
0 0.493827 0.698611 0.187655 0.181944
0 0.675308 0.688541 0.160493 0.185417
0 0.838889 0.685069 0.201235 0.174305
0 0.953087 0.678125 0.093827 0.179861
0 0.878395 0.891667 0.193827 0.145833
0 0.506791 0.942014 0.228395 0.115972
0 0.340124 0.949653 0.201235 0.100694
0 0.133333 0.927778 0.227160 0.144444
