0 0.175925 0.053125 0.196296 0.106250
0 0.336420 0.054167 0.196296 0.108333
0 0.050617 0.041667 0.101234 0.083333
0 0.819753 0.059375 0.185185 0.118751
0 0.344444 0.207292 0.160493 0.121528
0 0.212963 0.211459 0.213580 0.111805
0 0.825925 0.210417 0.195061 0.125000
0 0.956173 0.203125 0.087655 0.117361
0 0.929630 0.353472 0.140740 0.105556
0 0.839507 0.362500 0.133333 0.109723
0 0.338889 0.374653 0.201235 0.102084
0 0.170371 0.376389 0.170371 0.102777
0 0.062963 0.206944 0.125927 0.118056
0 0.377777 0.515972 0.153087 0.102777
0 0.235803 0.523264 0.158025 0.106249
0 0.104321 0.669444 0.119753 0.087500
0 0.404939 0.657292 0.160493 0.097917
0 0.778395 0.639584 0.129629 0.100000
0 0.877777 0.627777 0.108641 0.102777
0 0.953704 0.618056 0.092592 0.098611
0 0.404939 0.793403 0.180247 0.085416
