0 0.238889 0.105556 0.369136 0.211111
0 0.660493 0.110069 0.313580 0.200695
0 0.135185 0.426736 0.270371 0.217361
0 0.366667 0.431249 0.222223 0.222223
0 0.586420 0.432292 0.269136 0.215972
0 0.821605 0.431249 0.230864 0.222223
0 0.103704 0.725000 0.185185 0.177777
0 0.288272 0.718403 0.201235 0.184028
0 0.477777 0.706597 0.160493 0.163195
0 0.888889 0.725695 0.162963 0.166667
0 0.705556 0.725000 0.196296 0.165277
0 0.145679 0.938542 0.217284 0.122917
0 0.293827 0.933333 0.160493 0.133333
0 0.576543 0.940972 0.190124 0.118056
0 0.443827 0.935764 0.179012 0.128472
0 0.756791 0.951042 0.180247 0.097917
0 0.913580 0.950695 0.150617 0.098611
