0 0.241975 0.061806 0.298765 0.123611
0 0.517284 0.060417 0.298765 0.120833
0 0.759876 0.064236 0.337037 0.107639
0 0.058642 0.321180 0.117284 0.182639
0 0.430864 0.328125 0.192592 0.189583
0 0.235803 0.331597 0.237037 0.210416
0 0.591975 0.322223 0.262963 0.205556
0 0.837655 0.329167 0.216049 0.229167
0 0.054938 0.596180 0.109877 0.196528
0 0.212963 0.598264 0.211111 0.178472
0 0.396913 0.603820 0.191359 0.192361
0 0.648765 0.614584 0.230864 0.197223
0 0.840124 0.620833 0.166667 0.201389
0 0.172223 0.828125 0.282716 0.153472
0 0.336420 0.845487 0.216049 0.149305
0 0.506173 0.861111 0.234568 0.183333
0 0.729629 0.858680 0.256791 0.192361
0 0.906173 0.873959 0.187654 0.185417
