0 0.925308 0.084375 0.141975 0.168749
0 0.741359 0.084028 0.275308 0.168056
0 0.530247 0.094792 0.258025 0.170139
0 0.353087 0.095139 0.202469 0.190277
0 0.151235 0.093750 0.285185 0.187500
0 0.868519 0.327777 0.134568 0.143056
0 0.746913 0.328472 0.162963 0.138889
0 0.586420 0.345487 0.172840 0.153472
0 0.433951 0.346875 0.198765 0.156251
0 0.288272 0.356944 0.196296 0.155556
0 0.079013 0.354167 0.158025 0.138889
0 0.075926 0.585764 0.151852 0.161805
0 0.205556 0.580903 0.156791 0.147916
0 0.340741 0.574653 0.160493 0.147916
0 0.490124 0.564584 0.162963 0.141667
0 0.614815 0.557292 0.116049 0.124305
0 0.735803 0.538889 0.130864 0.144444
0 0.911729 0.519444 0.176543 0.143056
0 0.877160 0.707639 0.166667 0.147223
0 0.729629 0.737500 0.167901 0.144444
0 0.575925 0.776041 0.248148 0.139584
0 0.263580 0.781597 0.267901 0.167361
