0 0.188889 0.145833 0.271605 0.119444
0 0.467901 0.137153 0.298765 0.177083
0 0.735185 0.140972 0.203704 0.151389
0 0.076543 0.369097 0.148148 0.200695
0 0.237037 0.370487 0.222223 0.206251
0 0.417284 0.365277 0.158025 0.184723
0 0.593209 0.367708 0.270371 0.203472
0 0.774692 0.366320 0.196296 0.192361
0 0.932716 0.371528 0.134568 0.190277
0 0.095679 0.593749 0.191358 0.188889
0 0.231481 0.628472 0.188889 0.129167
0 0.408641 0.610069 0.222223 0.134028
0 0.820988 0.606597 0.241975 0.160417
0 0.785185 0.804167 0.204939 0.194444
0 0.430864 0.796180 0.180247 0.161805
0 0.887037 0.793056 0.139507 0.163889
0 0.216667 0.794792 0.161728 0.159028
0 0.086420 0.804167 0.172840 0.184723
0 0.609876 0.545487 0.150617 0.090972
