0 0.083951 0.234375 0.167901 0.207639
0 0.379629 0.231251 0.292592 0.222223
0 0.824692 0.253125 0.274075 0.213195
0 0.910494 0.516320 0.179012 0.168749
0 0.757408 0.523959 0.253087 0.175695
0 0.559259 0.525000 0.301235 0.186111
0 0.356791 0.545139 0.239507 0.176389
0 0.134568 0.544444 0.224692 0.169444
0 0.090124 0.809723 0.180247 0.181944
0 0.249383 0.805903 0.254321 0.177083
0 0.580864 0.753472 0.213580 0.145833
0 0.770371 0.752777 0.180247 0.125000
0 0.941975 0.756597 0.116049 0.154861
0 0.904939 0.930208 0.190123 0.113195
