0 0.122840 0.274305 0.203704 0.229167
0 0.335803 0.288889 0.232099 0.213889
0 0.582099 0.277431 0.307408 0.245139
0 0.815432 0.286805 0.218519 0.218056
0 0.738272 0.580208 0.162963 0.184028
0 0.547531 0.579861 0.206173 0.169444
0 0.364815 0.582292 0.203704 0.177083
0 0.198765 0.577084 0.234568 0.177777
0 0.073457 0.566320 0.146913 0.171528
0 0.092592 0.805208 0.185185 0.181249
0 0.249383 0.807987 0.143209 0.164584
0 0.383333 0.807987 0.186420 0.184028
0 0.776543 0.803472 0.313580 0.166667
0 0.535803 0.811459 0.264197 0.163195
