0 0.209876 0.268403 0.269136 0.227084
0 0.456173 0.274305 0.203704 0.229167
0 0.669136 0.288889 0.232099 0.213889
0 0.880864 0.277431 0.238272 0.245139
0 0.880864 0.579861 0.206173 0.169444
0 0.698148 0.582292 0.203704 0.177083
0 0.532099 0.577084 0.234568 0.177777
0 0.367284 0.566320 0.225925 0.171528
0 0.156791 0.541320 0.182716 0.160417
0 0.120371 0.797569 0.201235 0.185417
0 0.268519 0.798959 0.176543 0.188195
0 0.408641 0.805208 0.219753 0.181249
0 0.582716 0.807987 0.143209 0.164584
0 0.716667 0.807987 0.186420 0.184028
0 0.868519 0.811459 0.262963 0.163195
