0 0.195679 0.059375 0.211111 0.118749
0 0.337655 0.057292 0.228395 0.114583
0 0.562963 0.053125 0.241975 0.106250
0 0.717901 0.057292 0.196296 0.114584
0 0.898766 0.052431 0.202469 0.104861
0 0.197531 0.282292 0.279012 0.128472
0 0.598765 0.278820 0.244444 0.161805
0 0.893827 0.284723 0.165432 0.161111
0 0.061729 0.502777 0.123457 0.183333
0 0.217901 0.499305 0.223457 0.184723
0 0.367901 0.503820 0.158025 0.159028
0 0.516667 0.517361 0.176543 0.143056
0 0.666049 0.517361 0.188889 0.140277
0 0.866049 0.521528 0.211111 0.140277
0 0.265432 0.705903 0.212345 0.153472
0 0.477777 0.705556 0.167901 0.168056
0 0.924074 0.717013 0.151853 0.145139
0 0.658025 0.703125 0.158025 0.163195
0 0.256791 0.911111 0.207408 0.162500
0 0.382099 0.893403 0.129629 0.161805
0 0.627160 0.890277 0.167901 0.144444
0 0.868519 0.917361 0.211111 0.165278
