0 0.132099 0.175000 0.264197 0.173611
0 0.408641 0.226389 0.298765 0.127777
0 0.683951 0.226736 0.298765 0.121528
0 0.879012 0.230903 0.241976 0.107639
0 0.182099 0.487847 0.203704 0.182639
0 0.597531 0.494792 0.192592 0.189583
0 0.402469 0.498264 0.237037 0.210416
0 0.758641 0.488889 0.262963 0.205556
0 0.948148 0.495833 0.103703 0.229167
0 0.172223 0.762847 0.208641 0.196528
0 0.379629 0.764931 0.211111 0.178472
0 0.563580 0.770487 0.191359 0.192361
0 0.815432 0.781251 0.230864 0.197223
0 0.961729 0.787500 0.076543 0.201389
0 0.338889 0.959028 0.282716 0.081944
