0 0.898765 0.222223 0.145679 0.138889
0 0.767901 0.212847 0.195061 0.143751
0 0.595061 0.198611 0.162963 0.158333
0 0.422223 0.190277 0.241975 0.184723
0 0.207408 0.184028 0.234568 0.197223
0 0.058025 0.173611 0.116049 0.187500
0 0.067284 0.453125 0.134569 0.179861
0 0.226543 0.464584 0.159259 0.140277
0 0.429012 0.463889 0.218519 0.165277
0 0.603704 0.457639 0.187655 0.162500
0 0.946296 0.460417 0.107407 0.156944
0 0.903704 0.660069 0.167901 0.120139
0 0.759259 0.669444 0.138272 0.125000
0 0.412345 0.685416 0.197531 0.123611
0 0.082099 0.709028 0.164197 0.147223
0 0.246913 0.702084 0.207408 0.133333
0 0.165432 0.908333 0.200000 0.152777
0 0.333333 0.913889 0.160493 0.147223
0 0.502469 0.890277 0.177777 0.140277
0 0.622223 0.875347 0.153087 0.115972
0 0.744444 0.864236 0.118519 0.134028
0 0.882716 0.845139 0.167901 0.133333
