0 0.853087 0.091319 0.172840 0.182638
0 0.659259 0.084375 0.259259 0.168750
0 0.459876 0.085764 0.198765 0.171527
0 0.228395 0.086111 0.274075 0.172223
0 0.235185 0.350347 0.191359 0.165972
0 0.421605 0.346528 0.201235 0.158333
0 0.539507 0.336805 0.143209 0.144444
0 0.748765 0.339583 0.183951 0.163889
0 0.912346 0.330208 0.175309 0.157639
0 0.917284 0.550347 0.165433 0.118751
0 0.790741 0.546875 0.201235 0.122917
0 0.666667 0.549653 0.177777 0.146528
0 0.562345 0.548264 0.213580 0.160417
0 0.425308 0.559375 0.146913 0.160417
0 0.269753 0.764931 0.186420 0.149305
0 0.270371 0.576736 0.229629 0.165972
0 0.681481 0.754513 0.279012 0.146528
0 0.927777 0.755208 0.144445 0.125695
