0 0.267284 0.118751 0.322223 0.204167
0 0.467284 0.128472 0.228395 0.194444
0 0.692592 0.121180 0.266667 0.209028
0 0.896913 0.130556 0.206173 0.200000
0 0.209876 0.435069 0.269136 0.227084
0 0.456173 0.440972 0.203704 0.229167
0 0.669136 0.455556 0.232099 0.213889
0 0.880864 0.444097 0.238272 0.245139
0 0.880864 0.746528 0.206173 0.169444
0 0.698148 0.748959 0.203704 0.177083
0 0.532099 0.743751 0.234568 0.177777
0 0.367284 0.732987 0.225925 0.171528
0 0.156791 0.707987 0.182716 0.160417
0 0.120371 0.935764 0.201235 0.128473
0 0.268519 0.935764 0.176543 0.128472
0 0.408641 0.940625 0.219753 0.118750
0 0.582716 0.946181 0.143209 0.107639
0 0.716667 0.941320 0.186420 0.117361
0 0.868519 0.948264 0.262963 0.103472
