0 0.081481 0.058681 0.106173 0.117361
0 0.170371 0.057292 0.133333 0.114583
0 0.288889 0.061111 0.170371 0.122222
0 0.412345 0.061111 0.148148 0.122222
0 0.579012 0.061111 0.170371 0.122222
0 0.710493 0.042361 0.132099 0.084721
0 0.895061 0.071528 0.145679 0.143055
0 0.777777 0.380903 0.160493 0.203472
0 0.645679 0.377084 0.165432 0.180556
0 0.557408 0.370487 0.132099 0.196528
0 0.413580 0.350347 0.135803 0.178472
0 0.312963 0.336111 0.137037 0.173611
0 0.114197 0.330208 0.122223 0.172917
0 0.224075 0.329513 0.127160 0.163195
0 0.185185 0.648611 0.113580 0.180556
0 0.132716 0.632987 0.117284 0.200695
0 0.279629 0.701041 0.102469 0.107639
0 0.393209 0.700695 0.134568 0.097223
0 0.495061 0.708333 0.130864 0.104167
0 0.632716 0.657639 0.109876 0.105556
0 0.740741 0.664583 0.111111 0.094444
0 0.833951 0.670139 0.139507 0.088889
0 0.964815 0.681944 0.070371 0.105556
0 0.841359 0.941319 0.216049 0.117361
0 0.650000 0.942014 0.196296 0.115972
0 0.520371 0.942014 0.176543 0.115972
0 0.319753 0.926041 0.246913 0.147917
0 0.132716 0.921875 0.198765 0.156250
