0 0.135185 0.260069 0.270371 0.217361
0 0.366667 0.264583 0.222223 0.222223
0 0.586420 0.265625 0.269136 0.215972
0 0.821605 0.264583 0.230864 0.222223
0 0.103704 0.558333 0.185185 0.177777
0 0.288272 0.551736 0.201235 0.184028
0 0.477777 0.539931 0.160493 0.163195
0 0.888889 0.559028 0.162963 0.166667
0 0.705556 0.558333 0.196296 0.165277
0 0.145679 0.800000 0.217284 0.179167
0 0.293827 0.793403 0.160493 0.186805
0 0.576543 0.802083 0.190124 0.173611
0 0.443827 0.792361 0.179012 0.175000
0 0.756791 0.810069 0.180247 0.149305
0 0.913580 0.809723 0.150617 0.150000
0 0.168519 0.961111 0.216049 0.077778
