0 0.405556 0.105556 0.369136 0.211111
0 0.827160 0.110069 0.313580 0.200695
0 0.288889 0.426736 0.296296 0.217361
0 0.533333 0.431249 0.222223 0.222223
0 0.753087 0.432292 0.269136 0.215972
0 0.936420 0.431249 0.127160 0.222223
0 0.270371 0.725000 0.185185 0.177777
0 0.454939 0.718403 0.201235 0.184028
0 0.644444 0.706597 0.160493 0.163195
0 0.872223 0.725000 0.196296 0.165277
0 0.312345 0.938542 0.217284 0.122917
0 0.460493 0.933333 0.160493 0.133333
0 0.743209 0.940972 0.190124 0.118056
0 0.610493 0.935764 0.179012 0.128472
0 0.916667 0.951042 0.166666 0.097917
