0 0.137037 0.192361 0.224692 0.188889
0 0.365432 0.217361 0.251852 0.166667
0 0.572840 0.225347 0.207408 0.170139
0 0.793209 0.201389 0.129629 0.161111
0 0.898148 0.206249 0.124692 0.168056
0 0.938889 0.568749 0.119753 0.084723
0 0.843827 0.521528 0.144444 0.170833
0 0.751235 0.504167 0.127160 0.176389
0 0.511728 0.521180 0.265432 0.154861
0 0.337037 0.521875 0.232099 0.161805
0 0.151852 0.503820 0.185185 0.146528
0 0.046914 0.505903 0.093827 0.113195
0 0.359259 0.768749 0.190124 0.151389
0 0.517284 0.775695 0.167901 0.148611
0 0.735803 0.806944 0.192592 0.141667
0 0.923457 0.809375 0.150617 0.156251
0 0.178395 0.778125 0.203704 0.085416
0 0.069753 0.737847 0.139506 0.115972
0 0.272223 0.931944 0.122223 0.100000
0 0.382716 0.935764 0.153087 0.113195
