0 0.070370 0.042361 0.140741 0.084722
0 0.237037 0.052431 0.246913 0.104862
0 0.688272 0.053472 0.203704 0.070833
0 0.480864 0.050000 0.216049 0.076389
0 0.870371 0.056249 0.209876 0.061111
0 0.733333 0.270487 0.175308 0.178472
0 0.906173 0.263541 0.180247 0.165972
0 0.445061 0.271528 0.201235 0.155556
0 0.582716 0.269444 0.150617 0.148611
0 0.232099 0.268056 0.175308 0.134723
0 0.090741 0.267361 0.181481 0.163889
0 0.082099 0.508680 0.164198 0.131249
0 0.222840 0.504861 0.174075 0.147223
0 0.404321 0.503472 0.206173 0.138889
0 0.562963 0.505208 0.160493 0.150695
0 0.745061 0.501041 0.218519 0.152083
0 0.900617 0.496875 0.198766 0.145139
0 0.945062 0.696180 0.109877 0.157639
0 0.803704 0.693403 0.172840 0.152083
0 0.658641 0.707987 0.166667 0.147916
0 0.475308 0.699305 0.160493 0.118056
0 0.317284 0.704167 0.207408 0.111111
0 0.075926 0.715277 0.151852 0.138889
0 0.625925 0.866667 0.165432 0.116667
0 0.879629 0.878820 0.179012 0.072917
