0 0.098765 0.133680 0.197531 0.211805
0 0.367284 0.139236 0.300000 0.247917
0 0.601235 0.156944 0.244444 0.218056
0 0.859259 0.133680 0.281481 0.228472
0 0.096297 0.435069 0.192593 0.217361
0 0.324692 0.390972 0.192592 0.115277
0 0.351852 0.497916 0.197531 0.109723
0 0.561111 0.479513 0.260493 0.154861
0 0.588889 0.363541 0.251852 0.113195
0 0.848765 0.476041 0.300000 0.177083
0 0.068519 0.735764 0.137037 0.167361
0 0.330864 0.725000 0.227160 0.227777
0 0.561728 0.728472 0.254321 0.227777
0 0.769753 0.729861 0.235803 0.209723
0 0.917901 0.730208 0.164197 0.206251
0 0.085802 0.945139 0.171605 0.109723
0 0.546913 0.956945 0.204939 0.086111
0 0.348148 0.925694 0.256791 0.148611
0 0.730247 0.961458 0.235803 0.077083
