0 0.102469 0.175000 0.204939 0.176389
0 0.323457 0.182292 0.237037 0.182639
0 0.551852 0.200347 0.279012 0.202083
0 0.798765 0.204167 0.185185 0.161111
0 0.938272 0.195139 0.123457 0.186111
0 0.127160 0.477777 0.251852 0.177777
0 0.368519 0.480208 0.267901 0.186805
0 0.609259 0.496875 0.198765 0.118751
0 0.877160 0.478820 0.228395 0.160417
0 0.135803 0.730903 0.172840 0.146528
0 0.409259 0.719097 0.169136 0.150695
0 0.570371 0.716667 0.229629 0.158333
0 0.923457 0.712500 0.153086 0.156944
0 0.780864 0.720487 0.223457 0.147916
0 0.083334 0.938889 0.166667 0.122223
0 0.251235 0.942361 0.198765 0.115278
0 0.443209 0.939236 0.160493 0.121528
0 0.600000 0.935069 0.162963 0.129861
0 0.766049 0.933681 0.201235 0.132639
0 0.929630 0.936458 0.140741 0.127083
