0 0.325308 0.133680 0.243209 0.202083
0 0.558641 0.136805 0.208641 0.208333
0 0.801852 0.138541 0.275308 0.211805
0 0.299383 0.420487 0.198765 0.184028
0 0.464197 0.419097 0.180247 0.184028
0 0.872223 0.432292 0.186420 0.168749
0 0.625308 0.413195 0.151852 0.172223
0 0.070987 0.652777 0.141975 0.176389
0 0.279629 0.660764 0.208641 0.178472
0 0.577777 0.662153 0.145679 0.175695
0 0.728395 0.671180 0.160493 0.172917
0 0.895061 0.687500 0.204939 0.120833
0 0.273457 0.843749 0.201235 0.130556
0 0.731481 0.879861 0.317284 0.188889
