0 0.260032 0.055122 0.356482 0.110243
0 0.485340 0.054687 0.251543 0.109375
0 0.888117 0.048612 0.146605 0.097223
0 0.942901 0.453993 0.114197 0.119792
0 0.853395 0.391058 0.179012 0.231772
0 0.740740 0.371528 0.175927 0.248263
0 0.442130 0.388455 0.300927 0.177952
0 0.211420 0.350695 0.333333 0.190972
0 0.080247 0.704862 0.160494 0.102430
0 0.253858 0.694445 0.229938 0.190972
0 0.458333 0.707032 0.240740 0.177952
0 0.719907 0.745660 0.223765 0.184028
0 0.924383 0.775173 0.151234 0.197917
0 0.151235 0.908853 0.157407 0.130208
0 0.300927 0.912327 0.188272 0.130208
