0 0.264815 0.127084 0.228395 0.215277
0 0.475925 0.128472 0.213580 0.188889
0 0.730247 0.126041 0.317284 0.204861
0 0.072840 0.400695 0.145679 0.175000
0 0.266049 0.406597 0.211111 0.160417
0 0.461728 0.402777 0.237037 0.168056
0 0.702469 0.419097 0.244444 0.171528
0 0.799383 0.671875 0.248148 0.167361
0 0.576543 0.660764 0.256791 0.164584
0 0.384568 0.644792 0.213580 0.172917
0 0.069136 0.624653 0.138272 0.199305
0 0.067284 0.831944 0.134568 0.155556
0 0.320988 0.865972 0.241975 0.194444
0 0.416667 0.852777 0.129629 0.154167
0 0.584568 0.825695 0.139507 0.098611
0 0.778395 0.881249 0.191359 0.165277
0 0.918519 0.883680 0.160493 0.165972
