0 0.106173 0.125347 0.212346 0.186805
0 0.367901 0.131249 0.232099 0.175000
0 0.561728 0.147569 0.140741 0.159028
0 0.709876 0.144792 0.190124 0.164584
0 0.875925 0.159028 0.156791 0.155556
0 0.888889 0.410069 0.219753 0.203472
0 0.685803 0.427083 0.233333 0.172223
0 0.519753 0.414583 0.172840 0.202777
0 0.325925 0.408333 0.259259 0.187500
0 0.126543 0.411805 0.198765 0.186111
0 0.094445 0.679861 0.188889 0.158333
0 0.206173 0.670139 0.143209 0.144444
0 0.415432 0.672916 0.183951 0.163889
0 0.582099 0.663541 0.181481 0.157639
0 0.727160 0.661805 0.145679 0.141667
0 0.881481 0.657292 0.158025 0.132639
0 0.819753 0.858333 0.224692 0.116667
0 0.724692 0.868751 0.155556 0.129167
0 0.594444 0.883680 0.186420 0.118751
0 0.457408 0.880208 0.201235 0.122917
0 0.333333 0.882987 0.177777 0.146528
0 0.229012 0.881597 0.213580 0.160417
0 0.091975 0.892708 0.146913 0.160417
