0 0.239507 0.105208 0.239507 0.210417
0 0.491359 0.057639 0.192592 0.115277
0 0.518519 0.164583 0.197531 0.109723
0 0.727777 0.146180 0.260493 0.154861
0 0.755556 0.043403 0.251852 0.086805
0 0.190741 0.402431 0.225925 0.167361
0 0.497531 0.391667 0.227160 0.227777
0 0.728395 0.395139 0.254321 0.227777
0 0.909259 0.396528 0.181481 0.209723
0 0.228395 0.636805 0.219753 0.159723
0 0.713580 0.656251 0.204939 0.151389
0 0.514815 0.625000 0.256791 0.213889
0 0.889506 0.663195 0.220988 0.147223
0 0.095679 0.850000 0.191358 0.187500
0 0.248148 0.852431 0.153087 0.186805
0 0.500617 0.857292 0.235803 0.190972
0 0.632099 0.849653 0.185185 0.159028
0 0.851235 0.854861 0.235803 0.179167
