0 0.067901 0.162500 0.135802 0.188889
0 0.261728 0.167361 0.365432 0.208333
0 0.503087 0.167708 0.265432 0.204861
0 0.641359 0.186111 0.201235 0.176389
0 0.795679 0.191667 0.265432 0.187500
0 0.079013 0.479167 0.158025 0.119444
0 0.301235 0.470487 0.298765 0.177083
0 0.568519 0.474305 0.203704 0.151389
0 0.090741 0.703820 0.181482 0.206251
0 0.250617 0.698611 0.158025 0.184723
0 0.426543 0.701041 0.270371 0.203472
0 0.608025 0.699653 0.196296 0.192361
0 0.769136 0.704861 0.140741 0.190277
0 0.913580 0.732292 0.172839 0.160417
0 0.079630 0.948611 0.159259 0.102778
0 0.241975 0.938194 0.222223 0.123611
0 0.654321 0.929861 0.241975 0.140278
0 0.878395 0.916319 0.201235 0.167361
0 0.443209 0.878820 0.150617 0.090972
