0 0.058642 0.107292 0.117283 0.214584
0 0.165432 0.106597 0.123457 0.209028
0 0.276543 0.113542 0.150617 0.227083
0 0.406173 0.117013 0.103704 0.203472
0 0.590741 0.122917 0.117284 0.184723
0 0.668519 0.129513 0.134568 0.197917
0 0.797531 0.129513 0.118519 0.209028
0 0.893827 0.125347 0.071605 0.189583
0 0.939507 0.146875 0.061728 0.192361
0 0.031481 0.412500 0.062963 0.133333
0 0.100617 0.419444 0.095061 0.152777
0 0.201235 0.420487 0.106173 0.152083
0 0.319753 0.414583 0.113580 0.134723
0 0.430247 0.435069 0.112345 0.185417
0 0.537037 0.438195 0.116049 0.184723
0 0.642592 0.441667 0.114815 0.191667
0 0.756173 0.430556 0.070371 0.177777
0 0.836420 0.431944 0.109876 0.175000
0 0.932099 0.433680 0.101235 0.174305
0 0.943210 0.663195 0.113580 0.084723
0 0.826543 0.670487 0.092592 0.078472
0 0.707408 0.679513 0.086420 0.088195
0 0.619753 0.680903 0.098765 0.079861
0 0.540124 0.684375 0.117284 0.072917
0 0.444444 0.744097 0.103704 0.079861
0 0.341975 0.744444 0.093827 0.079167
0 0.236420 0.765625 0.122223 0.103472
0 0.123457 0.733333 0.113580 0.184723
0 0.039507 0.720487 0.079012 0.172917
0 0.098148 0.955209 0.191359 0.089583
0 0.279012 0.953819 0.224692 0.092361
0 0.455556 0.936111 0.167901 0.127777
0 0.579012 0.938542 0.185185 0.122917
0 0.700000 0.922222 0.162963 0.155556
0 0.859259 0.894097 0.190124 0.189583
