0 0.201852 0.146875 0.267901 0.186805
0 0.442592 0.163541 0.198765 0.118751
0 0.710493 0.145487 0.228395 0.160417
0 0.867901 0.141667 0.200000 0.161111
0 0.242592 0.385764 0.169136 0.150695
0 0.403704 0.383333 0.229629 0.158333
0 0.784568 0.379167 0.208641 0.156944
0 0.614197 0.387153 0.223457 0.147916
0 0.091975 0.625000 0.183951 0.147223
0 0.276543 0.621875 0.160493 0.153472
0 0.433333 0.614931 0.162963 0.156251
0 0.599383 0.609028 0.201235 0.150000
0 0.781481 0.609028 0.177777 0.138889
0 0.115432 0.826041 0.164197 0.153472
0 0.229012 0.826736 0.132099 0.135416
0 0.369136 0.811459 0.212345 0.160417
0 0.600000 0.804167 0.165432 0.159723
0 0.770371 0.804167 0.170371 0.154167
