0 0.885186 0.084028 0.229629 0.168056
0 0.696913 0.094792 0.258025 0.170139
0 0.519753 0.095139 0.202469 0.190277
0 0.317901 0.093750 0.285185 0.187500
0 0.118519 0.093055 0.237037 0.186111
0 0.913580 0.328472 0.162963 0.138889
0 0.753087 0.345487 0.172840 0.153472
0 0.600617 0.346875 0.198765 0.156251
0 0.454939 0.356944 0.196296 0.155556
0 0.237655 0.354167 0.174075 0.138889
0 0.092592 0.365972 0.185185 0.162500
0 0.235803 0.585764 0.165432 0.161805
0 0.372223 0.580903 0.156791 0.147916
0 0.507408 0.574653 0.160493 0.147916
0 0.656791 0.564584 0.162963 0.141667
0 0.781481 0.557292 0.116049 0.124305
0 0.902469 0.538889 0.130864 0.144444
0 0.896296 0.737500 0.167901 0.144444
0 0.742592 0.776041 0.248148 0.139584
0 0.430247 0.781597 0.267901 0.167361
