0 0.102469 0.048264 0.204939 0.096528
0 0.323457 0.053472 0.237037 0.106945
0 0.551852 0.067361 0.279012 0.134721
0 0.798765 0.059028 0.185185 0.118055
0 0.127160 0.311111 0.251852 0.177777
0 0.368519 0.313541 0.267901 0.186805
0 0.609259 0.330208 0.198765 0.118751
0 0.877160 0.312153 0.228395 0.160417
0 0.135803 0.564236 0.172840 0.146528
0 0.409259 0.552431 0.169136 0.150695
0 0.570371 0.550000 0.229629 0.158333
0 0.923457 0.545833 0.153086 0.156944
0 0.780864 0.553820 0.223457 0.147916
0 0.083334 0.789583 0.166667 0.156944
0 0.251235 0.791667 0.198765 0.147223
0 0.443209 0.788541 0.160493 0.153472
0 0.600000 0.781597 0.162963 0.156251
0 0.766049 0.775695 0.201235 0.150000
0 0.929630 0.775695 0.140741 0.138889
0 0.137655 0.950000 0.124692 0.091667
0 0.282099 0.957986 0.164197 0.084028
0 0.395679 0.962847 0.132099 0.074305
0 0.535803 0.948958 0.212345 0.102083
0 0.766667 0.945486 0.165432 0.109028
0 0.925926 0.946875 0.148148 0.106250
