0 0.866512 0.222657 0.260802 0.214410
0 0.458333 0.213108 0.219135 0.223090
0 0.674383 0.204427 0.225308 0.207465
0 0.111883 0.214410 0.223765 0.194445
0 0.270062 0.211805 0.188272 0.185763
0 0.087963 0.504340 0.175927 0.173612
0 0.245370 0.506510 0.200617 0.188368
0 0.472993 0.501302 0.273148 0.190103
0 0.833333 0.502605 0.166667 0.163195
0 0.679783 0.496093 0.273148 0.181423
0 0.770062 0.745225 0.231482 0.197048
0 0.546297 0.741753 0.216050 0.190103
0 0.364968 0.759983 0.208333 0.184895
0 0.135802 0.749132 0.200617 0.147570
0 0.324073 0.942708 0.206790 0.114583
0 0.641203 0.963976 0.223765 0.072048
