0 0.159259 0.143403 0.264197 0.178472
0 0.352469 0.158333 0.183951 0.156944
0 0.527160 0.150347 0.237037 0.189583
0 0.691975 0.163889 0.166667 0.163889
0 0.880247 0.163889 0.232099 0.159723
0 0.925308 0.415277 0.141975 0.173611
0 0.741359 0.405556 0.275308 0.191667
0 0.530247 0.428125 0.258025 0.170139
0 0.353087 0.427083 0.202469 0.193056
0 0.151235 0.426736 0.285185 0.188195
0 0.868519 0.661111 0.134568 0.143056
0 0.746913 0.661805 0.162963 0.138889
0 0.586420 0.678820 0.172840 0.153472
0 0.433951 0.680208 0.198765 0.156251
0 0.288272 0.690277 0.196296 0.155556
0 0.079013 0.687500 0.158025 0.138889
0 0.075926 0.919097 0.151852 0.161805
0 0.205556 0.914236 0.156791 0.147916
0 0.340741 0.907987 0.160493 0.147916
0 0.490124 0.897917 0.162963 0.141667
0 0.614815 0.890625 0.116049 0.124305
0 0.735803 0.872223 0.130864 0.144444
0 0.911729 0.852777 0.176543 0.143056
