0 0.138889 0.167361 0.277777 0.208333
0 0.336420 0.167708 0.265432 0.204861
0 0.474692 0.186111 0.201235 0.176389
0 0.629012 0.191667 0.265432 0.187500
0 0.873457 0.174305 0.250617 0.198611
0 0.141975 0.470487 0.283951 0.177083
0 0.401852 0.474305 0.203704 0.151389
0 0.859876 0.484028 0.277777 0.141667
0 0.083951 0.698611 0.158025 0.184723
0 0.259876 0.701041 0.270371 0.203472
0 0.441359 0.699653 0.196296 0.192361
0 0.602469 0.704861 0.140741 0.190277
0 0.767901 0.732292 0.214815 0.160417
0 0.093210 0.938194 0.186419 0.123611
0 0.487655 0.929861 0.241975 0.140278
0 0.711728 0.916319 0.201235 0.167361
0 0.891359 0.920139 0.187655 0.159722
0 0.276543 0.878820 0.150617 0.090972
