0 0.093827 0.185417 0.187654 0.188889
0 0.195679 0.189583 0.211111 0.191667
0 0.337655 0.198264 0.228395 0.165972
0 0.562963 0.180903 0.241975 0.184028
0 0.717901 0.201389 0.196296 0.159723
0 0.898766 0.188889 0.202469 0.165277
0 0.197531 0.448959 0.279012 0.128472
0 0.598765 0.445487 0.244444 0.161805
0 0.893827 0.451389 0.165432 0.161111
0 0.061729 0.669444 0.123457 0.183333
0 0.217901 0.665972 0.223457 0.184723
0 0.367901 0.670487 0.158025 0.159028
0 0.516667 0.684028 0.176543 0.143056
0 0.666049 0.684028 0.188889 0.140277
0 0.866049 0.688195 0.211111 0.140277
0 0.265432 0.872569 0.212345 0.153472
0 0.477777 0.872223 0.167901 0.168056
0 0.924074 0.883680 0.151853 0.145139
0 0.658025 0.869792 0.158025 0.163195
