0 0.089506 0.054514 0.179013 0.109027
0 0.357408 0.054514 0.295061 0.109028
0 0.541359 0.052430 0.218519 0.104861
0 0.793209 0.054514 0.193827 0.109027
0 0.946297 0.288889 0.107407 0.141667
0 0.749383 0.324653 0.222223 0.092361
0 0.550000 0.313889 0.191359 0.143056
0 0.123457 0.323959 0.246914 0.139584
0 0.348765 0.323264 0.220988 0.161805
0 0.105555 0.218749 0.211111 0.113889
0 0.153704 0.550695 0.243209 0.220833
0 0.327160 0.531944 0.187655 0.181944
0 0.508641 0.521875 0.160493 0.185417
0 0.672223 0.518403 0.201235 0.174305
0 0.803087 0.511459 0.127160 0.179861
0 0.933333 0.517013 0.133333 0.138195
0 0.868519 0.699653 0.174075 0.153472
0 0.711728 0.725000 0.193827 0.145833
0 0.340124 0.784723 0.228395 0.134723
0 0.173457 0.803820 0.201235 0.142361
0 0.122840 0.943403 0.164197 0.113195
0 0.314815 0.934722 0.249383 0.130555
0 0.625925 0.919098 0.217284 0.161805
0 0.752469 0.918056 0.141975 0.145833
0 0.930247 0.870487 0.132099 0.134028
