0 0.121605 0.129861 0.243210 0.179167
0 0.314815 0.142361 0.195061 0.181944
0 0.564815 0.143056 0.253087 0.177777
0 0.714815 0.142708 0.249383 0.181249
0 0.898148 0.145487 0.201235 0.192361
0 0.107407 0.411111 0.214815 0.134723
0 0.293209 0.406944 0.206173 0.168056
0 0.490741 0.405556 0.228395 0.170833
0 0.691975 0.411805 0.154321 0.158333
0 0.881481 0.411459 0.234568 0.179861
0 0.915432 0.642013 0.166667 0.179861
0 0.745061 0.639931 0.218519 0.175695
0 0.561111 0.624653 0.188889 0.139584
0 0.387655 0.617361 0.244444 0.141667
0 0.251235 0.577777 0.159259 0.097223
0 0.096296 0.626389 0.192593 0.170833
0 0.706791 0.826736 0.188889 0.121528
