0 0.489507 0.088541 0.381481 0.177083
0 0.116049 0.088195 0.204939 0.176389
0 0.212963 0.397917 0.292592 0.222223
0 0.658025 0.419792 0.274075 0.213195
0 0.850000 0.412500 0.206173 0.195833
0 0.906790 0.680556 0.186419 0.136111
0 0.773457 0.682987 0.238272 0.168749
0 0.590741 0.690625 0.253087 0.175695
0 0.392592 0.691667 0.301235 0.186111
0 0.190124 0.711805 0.239507 0.176389
0 0.104938 0.942014 0.209877 0.115972
0 0.414197 0.920139 0.213580 0.145833
0 0.603704 0.919444 0.180247 0.125000
0 0.802469 0.922917 0.170371 0.154167
0 0.941358 0.903125 0.117284 0.171528
