0 0.930135 0.088542 0.139731 0.177084
0 0.771044 0.077652 0.235691 0.155304
0 0.600169 0.083807 0.230640 0.161933
0 0.356902 0.106535 0.286195 0.167615
0 0.966330 0.390625 0.067340 0.088069
0 0.838384 0.364109 0.208755 0.150567
0 0.596802 0.366004 0.234007 0.184658
0 0.404040 0.384944 0.255893 0.173295
0 0.106060 0.398675 0.212121 0.181818
0 0.121213 0.610322 0.218855 0.144885
0 0.132155 0.707860 0.220538 0.127840
0 0.454545 0.579073 0.124580 0.108902
0 0.586700 0.643465 0.139731 0.074811
0 0.696969 0.563447 0.154882 0.117424
