0 0.149537 0.100260 0.247222 0.158854
0 0.400463 0.104427 0.225000 0.185938
0 0.575926 0.117708 0.183333 0.163542
0 0.801852 0.100260 0.275926 0.171354
0 0.179630 0.326302 0.179630 0.163021
0 0.368519 0.293229 0.144444 0.086458
0 0.388889 0.373437 0.148148 0.082292
0 0.545833 0.359635 0.195370 0.116146
0 0.566667 0.272656 0.188889 0.084896
0 0.761574 0.357031 0.225000 0.132812
0 0.916667 0.356250 0.164815 0.153125
0 0.143056 0.551823 0.169444 0.125521
0 0.373148 0.543750 0.170370 0.170833
0 0.546296 0.546354 0.190741 0.170833
0 0.702315 0.547396 0.176852 0.157292
0 0.853704 0.547656 0.203704 0.154688
0 0.171296 0.727604 0.164815 0.119792
0 0.535185 0.742188 0.153704 0.113542
0 0.386111 0.718750 0.192593 0.160417
0 0.672685 0.747396 0.176852 0.110417
0 0.071759 0.887500 0.143518 0.140625
0 0.186111 0.889323 0.114815 0.140104
0 0.375463 0.892969 0.176852 0.143229
0 0.474074 0.887240 0.138889 0.119271
0 0.638426 0.891146 0.176852 0.134375
0 0.918519 0.910677 0.161111 0.157812
