0 0.901545 0.066570 0.196910 0.133141
0 0.726512 0.072721 0.268984 0.145442
0 0.541828 0.078147 0.211068 0.156295
0 0.331403 0.076700 0.297297 0.153401
0 0.123552 0.075977 0.247105 0.151953
0 0.933719 0.300289 0.132561 0.144718
0 0.785071 0.318018 0.180181 0.159913
0 0.626126 0.319464 0.207207 0.162808
0 0.474260 0.329956 0.204633 0.162084
0 0.247748 0.327062 0.181468 0.144718
0 0.096525 0.339363 0.193050 0.169320
0 0.245817 0.568379 0.172458 0.168596
0 0.388031 0.563314 0.163450 0.154124
0 0.528958 0.556802 0.167310 0.154124
0 0.684685 0.546310 0.169884 0.147612
0 0.814672 0.538712 0.120978 0.129522
0 0.936294 0.519537 0.127413 0.150506
0 0.923423 0.726483 0.153154 0.150506
0 0.774131 0.766642 0.258687 0.145442
0 0.448520 0.772431 0.279279 0.174385
