0 0.087516 0.223227 0.175032 0.216353
0 0.395753 0.219972 0.305019 0.231549
0 0.858430 0.242764 0.283140 0.222142
0 0.927928 0.517005 0.144144 0.175831
0 0.789576 0.524964 0.263836 0.183068
0 0.583011 0.526049 0.314028 0.193921
0 0.371944 0.547033 0.249679 0.183792
0 0.140283 0.546309 0.234235 0.176555
0 0.093952 0.822721 0.187902 0.189580
0 0.259974 0.818741 0.265123 0.184515
0 0.605534 0.764110 0.222651 0.151954
0 0.803089 0.763386 0.187902 0.130246
0 0.960746 0.767366 0.078507 0.161361
0 0.922137 0.944645 0.155726 0.110710
