0 0.035393 0.243488 0.070785 0.158465
0 0.138996 0.237336 0.118404 0.140377
0 0.254182 0.258683 0.117117 0.193199
0 0.365509 0.261939 0.120978 0.192475
0 0.475546 0.265557 0.119691 0.199711
0 0.593952 0.253980 0.073359 0.185238
0 0.677606 0.255426 0.114543 0.182344
0 0.777349 0.257235 0.105534 0.181621
0 0.876447 0.259768 0.102960 0.176555
0 0.961390 0.252171 0.077220 0.161361
0 0.892535 0.141100 0.214929 0.049205
0 0.974903 0.487337 0.050193 0.090448
0 0.911196 0.496382 0.066924 0.082489
0 0.796010 0.496382 0.132561 0.088278
0 0.667310 0.503980 0.096524 0.081765
0 0.543115 0.513386 0.090090 0.091896
0 0.451738 0.514833 0.102960 0.083213
0 0.368726 0.518451 0.122265 0.075978
0 0.268983 0.580680 0.108108 0.083213
0 0.162161 0.581042 0.097812 0.082489
0 0.057915 0.603112 0.115831 0.107815
0 0.106821 0.821274 0.213642 0.140377
0 0.280567 0.790522 0.175032 0.152678
0 0.409266 0.796309 0.193050 0.154124
0 0.535393 0.769536 0.169884 0.168596
0 0.701415 0.736976 0.198199 0.197539
0 0.912484 0.716715 0.175032 0.181621
0 0.911197 0.922576 0.177607 0.154849
0 0.759974 0.930174 0.199486 0.139653
0 0.565637 0.939580 0.220077 0.120840
0 0.320463 0.952605 0.267697 0.094790
