0 0.072072 0.109986 0.144145 0.124457
0 0.293436 0.100941 0.311454 0.184515
0 0.572072 0.104920 0.212356 0.157743
0 0.952381 0.115051 0.095238 0.147612
0 0.084299 0.344067 0.168598 0.214907
0 0.240669 0.338639 0.164737 0.192475
0 0.424066 0.341172 0.281854 0.212011
0 0.613257 0.339726 0.204633 0.200434
0 0.781210 0.345152 0.146719 0.198263
0 0.920850 0.373734 0.158301 0.167150
0 0.072716 0.612880 0.145431 0.134588
0 0.231660 0.593705 0.231661 0.139653
0 0.661519 0.590087 0.252252 0.167150
0 0.895109 0.573806 0.209781 0.191027
0 0.957529 0.775688 0.084942 0.154848
0 0.624196 0.795948 0.213643 0.202604
0 0.254826 0.787626 0.187902 0.168596
0 0.730374 0.784371 0.145432 0.170767
0 0.057915 0.786180 0.115830 0.165702
0 0.441441 0.526412 0.157014 0.094790
