0 0.065741 0.132812 0.131481 0.147917
0 0.169907 0.139063 0.191667 0.141667
0 0.271759 0.142187 0.158333 0.143750
0 0.378241 0.148698 0.171296 0.124479
0 0.547222 0.135677 0.181481 0.138021
0 0.663426 0.151042 0.147222 0.119792
0 0.805556 0.141667 0.164815 0.123958
0 0.935185 0.139583 0.125926 0.123958
0 0.074537 0.332552 0.149074 0.135937
0 0.273148 0.336719 0.209259 0.096354
0 0.574074 0.334115 0.183333 0.121354
0 0.795370 0.338542 0.124074 0.120833
0 0.930093 0.339844 0.137963 0.114062
0 0.047685 0.498437 0.095370 0.136458
0 0.153704 0.502083 0.127778 0.137500
0 0.288426 0.499479 0.167593 0.138542
0 0.400926 0.502865 0.118519 0.119271
0 0.512500 0.513021 0.132407 0.107292
0 0.624537 0.513021 0.141667 0.105208
0 0.774537 0.516146 0.158333 0.105208
0 0.065741 0.666146 0.131481 0.089583
0 0.912500 0.516667 0.163889 0.110417
0 0.324074 0.654427 0.159259 0.115104
0 0.483333 0.654167 0.125926 0.126042
0 0.844907 0.662760 0.167593 0.108854
0 0.618519 0.652344 0.118519 0.122396
0 0.081019 0.790104 0.126852 0.114583
0 0.941667 0.672396 0.114815 0.108333
0 0.317593 0.808333 0.155556 0.121875
0 0.411574 0.795052 0.097222 0.121354
0 0.595370 0.792708 0.125926 0.108333
0 0.776389 0.813802 0.158333 0.125521
0 0.936574 0.785937 0.112037 0.066667
