0 0.357142 0.189218 0.204633 0.148336
0 0.524453 0.191751 0.204633 0.147612
0 0.201415 0.178003 0.155727 0.123011
0 0.965895 0.195008 0.068211 0.162808
0 0.532818 0.368669 0.167310 0.126628
0 0.395753 0.373010 0.222651 0.116498
0 0.966538 0.371925 0.066924 0.130246
0 0.527027 0.543054 0.209781 0.106368
0 0.351352 0.544863 0.177606 0.107091
0 0.214930 0.368306 0.180181 0.123011
0 0.567567 0.690304 0.159588 0.107091
0 0.419563 0.697902 0.164737 0.110708
0 0.282497 0.850217 0.124839 0.091172
0 0.595882 0.837555 0.167310 0.102027
0 0.958816 0.819103 0.082368 0.104197
0 0.595882 0.967439 0.187902 0.065123
