0 0.364222 0.071636 0.316603 0.143271
0 0.617760 0.080681 0.267697 0.161361
0 0.871943 0.079956 0.256114 0.159913
0 0.178894 0.068017 0.182754 0.136034
0 0.081725 0.348046 0.163450 0.202604
0 0.216859 0.360347 0.186615 0.183792
0 0.415058 0.355644 0.225225 0.197539
0 0.599099 0.366136 0.232948 0.195369
0 0.848777 0.387481 0.276705 0.177279
0 0.936937 0.710926 0.126125 0.178727
0 0.815315 0.700796 0.353926 0.174385
0 0.592021 0.687410 0.177606 0.153401
0 0.442084 0.693921 0.217503 0.131694
0 0.296654 0.671490 0.207207 0.128798
0 0.134491 0.660276 0.268983 0.129522
0 0.096525 0.919320 0.193051 0.130970
0 0.264479 0.925109 0.191763 0.122287
0 0.453668 0.938857 0.217503 0.122287
0 0.629344 0.967076 0.187902 0.065847
0 0.806949 0.949349 0.180181 0.101302
0 0.942728 0.954052 0.114544 0.091896
