0 0.171815 0.048119 0.189189 0.096238
0 0.345560 0.048119 0.207207 0.096237
0 0.552767 0.043777 0.204633 0.087554
0 0.733591 0.042691 0.167310 0.085383
0 0.907979 0.041968 0.184042 0.083936
0 0.907979 0.286541 0.184041 0.150506
0 0.747104 0.296671 0.178894 0.149060
0 0.589446 0.294863 0.180181 0.119393
0 0.458817 0.299928 0.176319 0.123734
0 0.272844 0.317294 0.218790 0.128076
0 0.924711 0.511216 0.150579 0.119393
0 0.782497 0.534371 0.138996 0.067294
0 0.640926 0.514109 0.159588 0.115050
0 0.456242 0.515557 0.178894 0.141099
0 0.308880 0.530029 0.195625 0.132416
0 0.081081 0.540521 0.162162 0.138929
0 0.092665 0.702243 0.167310 0.110708
0 0.101029 0.776773 0.168597 0.097684
0 0.347490 0.678365 0.095239 0.083213
0 0.448520 0.727568 0.106821 0.057164
0 0.532818 0.666426 0.118404 0.089725
0 0.879665 0.670043 0.114543 0.088278
0 0.963320 0.654486 0.073359 0.089001
