0 0.151223 0.026049 0.191763 0.052098
0 0.333333 0.030390 0.247105 0.060781
0 0.505147 0.030753 0.173745 0.061506
0 0.701415 0.029667 0.241956 0.059335
0 0.748391 0.238060 0.148004 0.180897
0 0.556629 0.227931 0.287001 0.199711
0 0.336551 0.251448 0.268984 0.177279
0 0.151866 0.250361 0.211068 0.201158
0 0.045045 0.250000 0.090090 0.196093
0 0.928571 0.267005 0.127414 0.109986
0 0.924066 0.459841 0.149292 0.174385
0 0.689189 0.494211 0.140283 0.149060
0 0.562419 0.494935 0.169884 0.144718
0 0.395110 0.512663 0.180181 0.159913
0 0.236165 0.514110 0.207207 0.162808
0 0.093308 0.524602 0.186615 0.162084
0 0.039897 0.757959 0.079795 0.154124
0 0.138997 0.751448 0.167310 0.154124
0 0.294724 0.740956 0.169884 0.147612
0 0.424710 0.733358 0.120978 0.129522
0 0.550837 0.714183 0.136422 0.150506
0 0.763192 0.693921 0.241956 0.149060
0 0.897684 0.665702 0.202059 0.157743
0 0.892535 0.874457 0.160876 0.152678
0 0.698198 0.890014 0.173745 0.153401
0 0.544401 0.921129 0.175032 0.150506
0 0.384169 0.944283 0.258687 0.111433
0 0.099099 0.939942 0.198198 0.120116
