0 0.914415 0.031476 0.093952 0.062952
0 0.058558 0.258683 0.117117 0.193199
0 0.169884 0.261939 0.120978 0.192475
0 0.279922 0.265557 0.119691 0.199711
0 0.398327 0.253980 0.073359 0.185238
0 0.481982 0.255426 0.114543 0.182344
0 0.581724 0.257235 0.105534 0.181621
0 0.680823 0.259768 0.102960 0.176555
0 0.772201 0.252171 0.090090 0.161361
0 0.735521 0.141100 0.292149 0.049205
0 0.839768 0.256874 0.119691 0.176555
0 0.929215 0.248552 0.100386 0.183068
0 0.915702 0.480464 0.091377 0.086831
0 0.804375 0.487337 0.100386 0.090448
0 0.715572 0.496382 0.066924 0.082489
0 0.600386 0.496382 0.132561 0.088278
0 0.471685 0.503980 0.096524 0.081765
0 0.347491 0.513386 0.090090 0.091896
0 0.256114 0.514833 0.102960 0.083213
0 0.173102 0.518451 0.122265 0.075978
0 0.073359 0.580680 0.108108 0.083213
0 0.086229 0.790522 0.172459 0.152678
0 0.213642 0.796309 0.193050 0.154124
0 0.339768 0.769536 0.169884 0.168596
0 0.505791 0.736976 0.198199 0.197539
0 0.720721 0.716715 0.182754 0.181621
0 0.915058 0.701519 0.167310 0.170044
0 0.915058 0.893995 0.167310 0.130970
0 0.732947 0.922576 0.212356 0.154849
0 0.564350 0.930174 0.199486 0.139653
0 0.370013 0.939580 0.220077 0.120840
0 0.129344 0.952605 0.258687 0.094790
