0 0.083012 0.185962 0.166024 0.202604
0 0.351995 0.184877 0.307593 0.204776
0 0.543759 0.191389 0.227799 0.183068
0 0.806306 0.213820 0.202059 0.146888
0 0.951738 0.207309 0.096525 0.178727
0 0.954955 0.474675 0.090089 0.147612
0 0.760618 0.511940 0.231661 0.096238
0 0.552767 0.500724 0.199486 0.149060
0 0.118404 0.511216 0.236809 0.145442
0 0.342986 0.510492 0.230374 0.168596
0 0.099742 0.401591 0.199485 0.118669
0 0.139640 0.747468 0.253539 0.230101
0 0.320463 0.727930 0.195625 0.189580
0 0.509652 0.717438 0.167310 0.193199
0 0.680181 0.713820 0.209781 0.181621
0 0.816603 0.706585 0.132561 0.187410
0 0.941441 0.712373 0.117117 0.143994
0 0.884814 0.902678 0.181468 0.159913
0 0.721364 0.926556 0.202059 0.146889
0 0.333977 0.960565 0.238095 0.078871
0 0.160232 0.968524 0.209781 0.062952
