0 0.108752 0.158466 0.217504 0.196817
0 0.338481 0.184515 0.262548 0.173661
0 0.554698 0.192836 0.216217 0.177279
0 0.784427 0.167873 0.135135 0.167872
0 0.893822 0.172937 0.129988 0.175109
0 0.936294 0.550651 0.124839 0.088278
0 0.837194 0.501447 0.150579 0.178003
0 0.740669 0.483357 0.132561 0.183792
0 0.490991 0.501085 0.276705 0.161361
0 0.308881 0.501809 0.241956 0.168596
0 0.115830 0.482996 0.193050 0.152678
0 0.332046 0.759044 0.198199 0.157743
0 0.496783 0.766281 0.175032 0.154848
0 0.724582 0.798842 0.200772 0.147612
0 0.920206 0.801374 0.157014 0.162808
0 0.143500 0.768814 0.212356 0.089001
0 0.051480 0.726845 0.102960 0.120839
0 0.241313 0.929088 0.127414 0.104197
0 0.356499 0.933068 0.159588 0.117945
