0 0.211068 0.198263 0.218790 0.127352
0 0.420850 0.199349 0.257400 0.167150
0 0.891249 0.229377 0.212356 0.073806
0 0.675032 0.225760 0.225225 0.079595
0 0.923424 0.455500 0.153153 0.185962
0 0.637709 0.456585 0.209781 0.162084
0 0.781210 0.454413 0.157014 0.154848
0 0.415701 0.452967 0.182754 0.140377
0 0.243887 0.452243 0.238095 0.170767
0 0.054054 0.462011 0.108108 0.167150
0 0.074003 0.716353 0.148004 0.141823
0 0.234235 0.703690 0.221364 0.136758
0 0.406049 0.699711 0.181468 0.153401
0 0.595238 0.698263 0.214930 0.144718
0 0.760617 0.700072 0.167310 0.157019
0 0.918275 0.695730 0.163450 0.158465
0 0.960746 0.896165 0.078507 0.158465
0 0.860360 0.911361 0.173745 0.154124
0 0.669240 0.902315 0.167310 0.123011
0 0.504505 0.907381 0.216217 0.115774
0 0.212999 0.918958 0.238095 0.144718
0 0.081724 0.918958 0.155727 0.154848
0 0.054054 0.462011 0.108108 0.167150
