0 0.832047 0.085384 0.235521 0.147612
0 0.564994 0.122649 0.231661 0.096238
0 0.357143 0.111433 0.199486 0.149060
0 0.147362 0.121201 0.230374 0.168596
0 0.124839 0.338639 0.195625 0.189580
0 0.314028 0.328147 0.167310 0.193199
0 0.484556 0.324530 0.209781 0.181621
0 0.620978 0.317294 0.132561 0.187410
0 0.902188 0.315846 0.169884 0.145442
0 0.759331 0.323082 0.144145 0.143994
0 0.860360 0.498552 0.181468 0.156295
0 0.689189 0.513387 0.181468 0.159913
0 0.525740 0.539797 0.202059 0.151954
0 0.138353 0.602027 0.238095 0.140377
0 0.034749 0.621925 0.069499 0.148336
0 0.120978 0.777497 0.241956 0.174385
0 0.436293 0.756513 0.226512 0.197539
0 0.568211 0.740956 0.148004 0.151954
0 0.753539 0.691390 0.137709 0.139653
0 0.877091 0.682707 0.178894 0.129522
