0 0.840067 0.353693 0.319865 0.228220
0 0.619529 0.336175 0.232324 0.200758
0 0.423400 0.344696 0.284511 0.172349
0 0.233165 0.315340 0.271044 0.168560
0 0.098485 0.300664 0.196969 0.169507
0 0.048822 0.639678 0.097644 0.171402
0 0.191078 0.647255 0.250842 0.160038
0 0.438553 0.676136 0.284511 0.181818
0 0.668351 0.714015 0.245791 0.109849
0 0.891414 0.703125 0.217173 0.180871
0 0.936869 0.931818 0.126263 0.134469
0 0.771044 0.924716 0.168351 0.133524
0 0.277778 0.871213 0.185185 0.145833
0 0.040404 0.839015 0.080808 0.121213
0 0.141415 0.919982 0.154882 0.107007
