0 0.889318 0.237336 0.180181 0.211288
0 0.687258 0.230825 0.270270 0.195369
0 0.479407 0.234443 0.207207 0.193921
0 0.238095 0.232273 0.285715 0.199711
0 0.245174 0.517727 0.199486 0.172938
0 0.439511 0.513748 0.209781 0.164978
0 0.562420 0.503618 0.149292 0.150506
0 0.780566 0.506512 0.191763 0.170767
0 0.929858 0.496744 0.140283 0.164254
0 0.935006 0.726121 0.129988 0.123734
0 0.824325 0.722503 0.209781 0.128076
0 0.694981 0.725399 0.185328 0.152678
0 0.586229 0.723951 0.222651 0.167150
0 0.443371 0.735528 0.153153 0.167150
0 0.281210 0.935962 0.194337 0.128075
0 0.281854 0.753618 0.239382 0.172938
0 0.710425 0.931259 0.290862 0.137483
0 0.945945 0.937048 0.108109 0.125905
