0 0.167954 0.111071 0.279279 0.194645
0 0.418918 0.128437 0.207207 0.123734
0 0.698198 0.109624 0.238095 0.167150
0 0.862291 0.105644 0.208494 0.167872
0 0.210424 0.359986 0.176319 0.157019
0 0.378379 0.357453 0.239382 0.164978
0 0.775418 0.353111 0.217503 0.163531
0 0.597812 0.361433 0.232948 0.154124
0 0.074646 0.609262 0.149292 0.153401
0 0.245817 0.606005 0.167310 0.159913
0 0.409266 0.598770 0.169884 0.162808
0 0.582368 0.592620 0.209781 0.156295
0 0.772201 0.592620 0.185328 0.144718
0 0.081724 0.818741 0.163449 0.159913
0 0.196267 0.819464 0.137709 0.141099
0 0.342343 0.803546 0.221364 0.167150
0 0.583012 0.795948 0.172458 0.166426
0 0.760618 0.795948 0.177606 0.160637
