0 0.723938 0.197539 0.111970 0.241678
0 0.851352 0.199349 0.158301 0.246744
0 0.945946 0.207670 0.108107 0.246020
0 0.315316 0.188134 0.316603 0.208394
0 0.525097 0.225399 0.211068 0.180174
0 0.080438 0.210202 0.160875 0.201882
0 0.089447 0.523878 0.178893 0.205500
0 0.300515 0.552099 0.297297 0.191027
0 0.488417 0.558973 0.209781 0.175831
0 0.728443 0.539074 0.133848 0.167872
0 0.824324 0.549205 0.122265 0.175109
0 0.928571 0.539798 0.142857 0.176555
0 0.969756 0.939580 0.060489 0.097684
0 0.883526 0.934154 0.122265 0.099855
0 0.795367 0.881693 0.149292 0.193199
0 0.701415 0.865413 0.146719 0.206946
0 0.452381 0.879523 0.250966 0.148336
0 0.259974 0.848047 0.277992 0.159189
0 0.081725 0.850579 0.163449 0.154124
