0 0.060489 0.169320 0.120978 0.196817
0 0.252252 0.174385 0.380952 0.217077
0 0.503861 0.174746 0.276705 0.213459
0 0.648006 0.193921 0.209781 0.183792
0 0.808880 0.199711 0.276705 0.195369
0 0.072072 0.499276 0.144145 0.124457
0 0.293436 0.490232 0.311454 0.184515
0 0.572072 0.494211 0.212356 0.157743
0 0.952381 0.504342 0.095238 0.147612
0 0.084299 0.733358 0.168598 0.214907
0 0.240669 0.727930 0.164737 0.192475
0 0.424066 0.730463 0.281854 0.212011
0 0.613257 0.729016 0.204633 0.200434
0 0.781210 0.734443 0.146719 0.198263
0 0.920850 0.763025 0.158301 0.167150
0 0.072716 0.967438 0.145431 0.065123
0 0.231660 0.956585 0.231661 0.086831
0 0.661519 0.947901 0.252252 0.104197
0 0.895109 0.933791 0.209781 0.132417
0 0.441441 0.915702 0.157014 0.094790
