0 0.092664 0.139290 0.185328 0.220694
0 0.362291 0.145079 0.312741 0.258322
0 0.606178 0.163531 0.254826 0.227207
0 0.864221 0.139290 0.271557 0.238061
0 0.090090 0.453328 0.180181 0.226484
0 0.317890 0.407380 0.200772 0.120115
0 0.346204 0.518813 0.205920 0.114328
0 0.564350 0.499638 0.271557 0.161361
0 0.593308 0.378798 0.262548 0.117945
0 0.853925 0.496020 0.292149 0.184515
0 0.061133 0.766643 0.122265 0.174385
0 0.324324 0.755427 0.236808 0.237337
0 0.564993 0.759045 0.265123 0.237337
0 0.781854 0.760492 0.245817 0.218524
0 0.925354 0.760853 0.149292 0.214907
0 0.079150 0.963820 0.158301 0.072359
0 0.549549 0.976122 0.213643 0.047756
0 0.342342 0.943560 0.267697 0.112880
