0 0.032818 0.054993 0.065637 0.109986
0 0.104891 0.063675 0.099099 0.127351
0 0.209781 0.064038 0.110683 0.128075
0 0.333334 0.056440 0.118404 0.112879
0 0.448520 0.080318 0.117117 0.160637
0 0.559846 0.081766 0.120978 0.163532
0 0.669884 0.085384 0.119691 0.170767
0 0.788289 0.075977 0.073359 0.151954
0 0.871944 0.075977 0.114543 0.151953
0 0.959459 0.076700 0.081081 0.153400
0 0.962034 0.301737 0.075933 0.088278
0 0.861647 0.309335 0.096524 0.081765
0 0.737452 0.318740 0.090090 0.091896
0 0.646075 0.320188 0.102960 0.083213
0 0.563064 0.323806 0.122265 0.075978
0 0.463320 0.386035 0.108108 0.083213
0 0.356499 0.386396 0.097812 0.082489
0 0.246461 0.408466 0.127414 0.107815
0 0.128701 0.374819 0.118404 0.192475
0 0.041185 0.361433 0.082368 0.180174
0 0.102316 0.638568 0.199486 0.158465
0 0.290862 0.626628 0.234235 0.140377
0 0.474904 0.595876 0.175032 0.152678
0 0.603603 0.601664 0.193050 0.154124
0 0.729730 0.574891 0.169884 0.168596
0 0.895752 0.542330 0.198199 0.197539
0 0.927284 0.748915 0.145432 0.166426
0 0.759974 0.765918 0.220077 0.162808
0 0.514800 0.790159 0.267697 0.159189
0 0.178250 0.839002 0.279279 0.194645
