0 0.232947 0.126267 0.200772 0.197539
0 0.076577 0.129884 0.153154 0.219247
0 0.400900 0.120116 0.274131 0.214183
0 0.657015 0.127352 0.225225 0.238784
0 0.859073 0.125543 0.279279 0.216353
0 0.057915 0.407743 0.115830 0.185962
0 0.197554 0.413532 0.199486 0.200434
0 0.460103 0.424747 0.240669 0.205500
0 0.659589 0.431259 0.173745 0.209841
0 0.055341 0.647251 0.110683 0.159913
0 0.865509 0.433792 0.227799 0.204776
0 0.134492 0.665341 0.225225 0.155571
0 0.311455 0.681620 0.244530 0.191027
0 0.544401 0.679088 0.267697 0.200434
0 0.303089 0.891823 0.230374 0.152678
0 0.764479 0.695008 0.267697 0.193199
0 0.643501 0.921491 0.236808 0.090448
