0 0.558559 0.071636 0.316603 0.143271
0 0.812097 0.080681 0.267697 0.161361
0 0.373231 0.068017 0.182754 0.136034
0 0.250322 0.348046 0.214930 0.202604
0 0.411196 0.360347 0.186615 0.183792
0 0.609395 0.355644 0.225225 0.197539
0 0.793436 0.366136 0.232948 0.195369
0 0.952381 0.387481 0.095238 0.177279
0 0.916345 0.700796 0.167310 0.174385
0 0.786358 0.687410 0.177606 0.153401
0 0.636422 0.693921 0.217503 0.131694
0 0.490991 0.671490 0.207207 0.128798
0 0.327542 0.660276 0.271557 0.129522
0 0.066924 0.895803 0.133848 0.136035
0 0.285071 0.919320 0.204633 0.130970
0 0.458817 0.925109 0.191763 0.122287
0 0.648006 0.938857 0.217503 0.122287
0 0.823681 0.967076 0.187902 0.065847
0 0.955598 0.949349 0.088804 0.101302
