0 0.132561 0.153401 0.265123 0.196817
0 0.296011 0.158466 0.234235 0.196817
0 0.534105 0.184515 0.262548 0.173661
0 0.750322 0.192836 0.216217 0.177279
0 0.956242 0.167873 0.087516 0.167872
0 0.935007 0.483357 0.129987 0.183792
0 0.686615 0.501085 0.276705 0.161361
0 0.504505 0.501809 0.241956 0.168596
0 0.311454 0.482996 0.193050 0.152678
0 0.153153 0.485166 0.195625 0.117945
0 0.070785 0.465630 0.141570 0.136758
0 0.527670 0.759044 0.198199 0.157743
0 0.692407 0.766281 0.175032 0.154848
0 0.909910 0.798842 0.180180 0.147612
0 0.339124 0.768814 0.212356 0.089001
0 0.189833 0.726845 0.217503 0.120839
0 0.034106 0.725398 0.068212 0.129522
0 0.082368 0.885311 0.141570 0.104921
0 0.436937 0.929088 0.127414 0.104197
0 0.552124 0.933068 0.159588 0.117945
