0 0.250322 0.153401 0.214930 0.202604
0 0.411196 0.165702 0.186615 0.183792
0 0.609395 0.160999 0.225225 0.197539
0 0.793436 0.171491 0.232948 0.195369
0 0.952381 0.192836 0.095238 0.177279
0 0.916345 0.506150 0.167310 0.174385
0 0.786358 0.492764 0.177606 0.153401
0 0.636422 0.499276 0.217503 0.131694
0 0.490991 0.476844 0.207207 0.128798
0 0.327542 0.465630 0.271557 0.129522
0 0.066924 0.701158 0.133848 0.136035
0 0.285071 0.724675 0.204633 0.130970
0 0.458817 0.730464 0.191763 0.122287
0 0.648006 0.752533 0.217503 0.138929
0 0.823681 0.781476 0.187902 0.083937
0 0.955598 0.773155 0.088804 0.138205
0 0.902188 0.942475 0.128701 0.102027
0 0.525097 0.901592 0.141570 0.111432
0 0.316603 0.876989 0.115830 0.092620
0 0.084942 0.869393 0.169884 0.113604
0 0.090090 0.948625 0.180181 0.101303
0 0.420850 0.938857 0.118404 0.081765
