0 0.028958 0.185601 0.057915 0.158465
0 0.119048 0.203691 0.142857 0.235167
0 0.216859 0.192475 0.202059 0.234443
0 0.342986 0.197178 0.173745 0.222142
0 0.490348 0.205137 0.133848 0.209117
0 0.568854 0.209841 0.157014 0.230101
0 0.689189 0.202967 0.191763 0.225036
0 0.852639 0.208394 0.109396 0.188134
0 0.956242 0.205861 0.087516 0.183068
0 0.068854 0.547033 0.137709 0.205500
0 0.308880 0.547757 0.157014 0.198263
0 0.411840 0.558973 0.151866 0.203328
0 0.534105 0.564761 0.131274 0.206224
0 0.632561 0.561143 0.140283 0.201882
0 0.767697 0.573082 0.150579 0.192475
0 0.902188 0.575253 0.175032 0.218524
0 0.808880 0.439580 0.292149 0.065847
0 0.051480 0.830318 0.087516 0.104921
0 0.160876 0.832851 0.090090 0.096961
0 0.313385 0.838640 0.129988 0.091172
0 0.460102 0.842981 0.114543 0.108538
0 0.626770 0.844428 0.162163 0.096961
0 0.771557 0.858176 0.142857 0.096961
0 0.929858 0.858176 0.124839 0.096961
