0 0.117117 0.159552 0.234234 0.200434
0 0.348778 0.164617 0.252252 0.204776
0 0.582368 0.172214 0.289575 0.193921
0 0.823037 0.175470 0.276705 0.191751
0 0.144145 0.490232 0.193050 0.178727
0 0.370656 0.477569 0.290862 0.166426
0 0.620334 0.491678 0.280566 0.200434
0 0.860360 0.509768 0.217503 0.119393
0 0.169241 0.756151 0.227799 0.154848
0 0.370656 0.757597 0.211068 0.151954
0 0.654440 0.748191 0.168597 0.156295
0 0.820464 0.752533 0.225225 0.162084
0 0.101030 0.945369 0.196912 0.109262
0 0.274775 0.957308 0.230374 0.085384
0 0.487774 0.962374 0.218790 0.075253
0 0.662806 0.958031 0.195625 0.083937
0 0.839126 0.956946 0.182754 0.086107
