0 0.854569 0.114327 0.149292 0.211288
0 0.725868 0.109986 0.141570 0.202604
0 0.604247 0.107453 0.114543 0.201882
0 0.499356 0.105644 0.120978 0.211288
0 0.370013 0.101303 0.124839 0.202605
0 0.249035 0.099132 0.122265 0.198263
0 0.142214 0.094428 0.109396 0.188857
0 0.043758 0.096599 0.087515 0.193198
0 0.099099 0.367584 0.115830 0.102749
0 0.229086 0.373371 0.092665 0.091172
0 0.391891 0.377713 0.124839 0.099855
0 0.537323 0.374095 0.119691 0.092620
0 0.679537 0.383141 0.095239 0.116498
0 0.789576 0.399783 0.114543 0.117945
0 0.724581 0.655210 0.285715 0.201882
0 0.472330 0.636396 0.334621 0.212011
0 0.242600 0.630608 0.284428 0.209117
0 0.142214 0.844790 0.248392 0.141099
0 0.330759 0.865051 0.247105 0.158465
0 0.547618 0.880607 0.310167 0.178003
0 0.841699 0.887481 0.244530 0.158465
