0 0.126126 0.123734 0.252253 0.212735
0 0.292793 0.133864 0.238095 0.202604
0 0.527670 0.126266 0.277992 0.217801
0 0.770270 0.136035 0.274131 0.208394
0 0.952381 0.134949 0.095238 0.213459
0 0.082368 0.453328 0.164736 0.236614
0 0.281210 0.459479 0.212356 0.238784
0 0.503218 0.474675 0.241956 0.222866
0 0.759974 0.462735 0.320464 0.255427
0 0.944659 0.472503 0.110682 0.227207
0 0.918919 0.778220 0.162162 0.191751
0 0.723938 0.777858 0.214930 0.176555
0 0.533462 0.780391 0.212356 0.184515
0 0.360360 0.774965 0.244530 0.185238
0 0.188546 0.763749 0.235521 0.178727
0 0.032175 0.737700 0.064351 0.167150
0 0.088803 0.954052 0.177606 0.091896
0 0.231660 0.959117 0.229086 0.081766
0 0.413127 0.964906 0.149292 0.070188
0 0.552767 0.959841 0.194337 0.080318
0 0.711712 0.967077 0.275418 0.065846
