0 0.954955 0.085384 0.090089 0.147612
0 0.760618 0.122649 0.231661 0.096238
0 0.552767 0.111433 0.199486 0.149060
0 0.118404 0.121925 0.236809 0.145442
0 0.342986 0.121201 0.230374 0.168596
0 0.099742 0.035817 0.199485 0.071635
0 0.139640 0.358177 0.253539 0.230101
0 0.320463 0.338639 0.195625 0.189580
0 0.509652 0.328147 0.167310 0.193199
0 0.680181 0.324530 0.209781 0.181621
0 0.816603 0.317294 0.132561 0.187410
0 0.941441 0.323082 0.117117 0.143994
0 0.884814 0.513387 0.181468 0.159913
0 0.721364 0.539797 0.202059 0.151954
0 0.333977 0.602027 0.238095 0.140377
0 0.160232 0.621925 0.209781 0.148336
0 0.107465 0.808249 0.171171 0.199711
0 0.307593 0.777497 0.259974 0.174385
0 0.631917 0.756513 0.226512 0.197539
0 0.763835 0.740956 0.148004 0.151954
0 0.940154 0.691390 0.119691 0.139653
