0 0.098455 0.130608 0.196911 0.197539
0 0.240669 0.134587 0.265123 0.205500
0 0.494853 0.162808 0.297297 0.191027
0 0.682755 0.169682 0.209781 0.175831
0 0.922780 0.149783 0.133848 0.167872
0 0.978764 0.159914 0.042472 0.175109
0 0.957529 0.492402 0.084942 0.193199
0 0.895752 0.476122 0.146719 0.206946
0 0.646718 0.490232 0.250966 0.148336
0 0.454312 0.458756 0.277992 0.159189
0 0.263836 0.461289 0.187902 0.154124
0 0.090734 0.466715 0.178894 0.134588
0 0.176319 0.713098 0.177606 0.130970
0 0.314028 0.753980 0.195625 0.085383
0 0.489704 0.745297 0.191763 0.159189
0 0.660232 0.755789 0.200772 0.148336
0 0.878378 0.787989 0.186615 0.153401
0 0.404119 0.924022 0.131274 0.108538
0 0.528958 0.926918 0.157014 0.108538
0 0.059846 0.874457 0.119691 0.115050
