0 0.103604 0.044863 0.207207 0.089726
0 0.261261 0.046309 0.198199 0.092619
0 0.546333 0.046310 0.307593 0.092620
0 0.738096 0.044139 0.227799 0.088277
0 0.949807 0.046309 0.100386 0.092619
0 0.919562 0.317294 0.160875 0.096238
0 0.747104 0.306079 0.199486 0.149060
0 0.286358 0.316571 0.289575 0.145442
0 0.537323 0.315847 0.230374 0.168596
0 0.270913 0.206946 0.245817 0.118669
0 0.093952 0.325615 0.187902 0.140377
0 0.137709 0.555716 0.275418 0.206946
0 0.333977 0.552822 0.253539 0.230101
0 0.514800 0.533285 0.195625 0.189580
0 0.703989 0.522793 0.167310 0.193199
0 0.874518 0.519175 0.209781 0.181621
0 0.972330 0.511940 0.055341 0.187410
0 0.907336 0.734443 0.185328 0.151954
0 0.528315 0.796672 0.238095 0.140377
0 0.354569 0.816571 0.209781 0.148336
0 0.138996 0.798481 0.236808 0.203328
0 0.143501 0.969247 0.212356 0.061505
0 0.301802 0.951519 0.171171 0.096961
0 0.501930 0.942475 0.259974 0.115050
0 0.826254 0.926194 0.226512 0.147611
0 0.942085 0.929812 0.115830 0.140376
