0 0.072072 0.036541 0.144145 0.073082
0 0.268340 0.039798 0.238095 0.079595
0 0.510940 0.045224 0.247105 0.090449
0 0.749035 0.059696 0.290862 0.119391
0 0.093952 0.310420 0.162163 0.176555
0 0.306306 0.303183 0.262548 0.185238
0 0.557915 0.305716 0.279279 0.194645
0 0.808880 0.323082 0.207207 0.123734
0 0.113255 0.561143 0.223938 0.158465
0 0.315316 0.566932 0.180181 0.152678
0 0.600385 0.554631 0.176319 0.157019
0 0.768340 0.552098 0.239382 0.164978
0 0.935650 0.556079 0.128701 0.154124
0 0.064350 0.798842 0.128700 0.179451
0 0.249035 0.801736 0.196912 0.163531
0 0.435650 0.803907 0.207207 0.153401
0 0.635778 0.800651 0.167310 0.159913
0 0.799228 0.793415 0.169884 0.162808
0 0.933719 0.787265 0.132561 0.156295
0 0.071429 0.964906 0.142857 0.070189
0 0.317246 0.960564 0.129988 0.078871
0 0.467825 0.966715 0.171171 0.066570
0 0.586229 0.971780 0.137709 0.056440
0 0.732304 0.957308 0.221364 0.085384
0 0.943372 0.953690 0.113256 0.092620
