0 0.068854 0.157742 0.137709 0.205500
0 0.308880 0.158466 0.157014 0.198263
0 0.411840 0.169682 0.151866 0.203328
0 0.534105 0.175470 0.131274 0.206224
0 0.632561 0.171852 0.140283 0.201882
0 0.767697 0.183792 0.150579 0.192475
0 0.902188 0.185962 0.175032 0.218524
0 0.808880 0.050289 0.292149 0.065847
0 0.051480 0.441027 0.087516 0.104921
0 0.160876 0.443560 0.090090 0.096961
0 0.313385 0.449349 0.129988 0.091172
0 0.460102 0.453691 0.114543 0.108538
0 0.626770 0.455137 0.162163 0.096961
0 0.771557 0.468885 0.142857 0.096961
0 0.929858 0.468885 0.124839 0.096961
0 0.887387 0.761577 0.225226 0.227930
0 0.673745 0.744211 0.317890 0.206224
0 0.429215 0.724675 0.297297 0.200434
0 0.211712 0.732634 0.243243 0.174385
0 0.054054 0.736614 0.108109 0.154848
0 0.071429 0.930535 0.142857 0.137481
0 0.250965 0.939580 0.249679 0.119393
0 0.494208 0.945369 0.267697 0.107815
0 0.732304 0.947178 0.254826 0.104197
