0 0.103604 0.167150 0.207207 0.234443
0 0.261261 0.185962 0.198199 0.202604
0 0.546333 0.184877 0.307593 0.204776
0 0.738096 0.191389 0.227799 0.183068
0 0.949807 0.213820 0.100386 0.146888
0 0.919562 0.511940 0.160875 0.096238
0 0.747104 0.500724 0.199486 0.149060
0 0.286358 0.511216 0.289575 0.145442
0 0.537323 0.510492 0.230374 0.168596
0 0.270913 0.401591 0.245817 0.118669
0 0.093952 0.520260 0.187902 0.140377
0 0.137709 0.750362 0.275418 0.206946
0 0.333977 0.747468 0.253539 0.230101
0 0.514800 0.727930 0.195625 0.189580
0 0.703989 0.717438 0.167310 0.193199
0 0.874518 0.713820 0.209781 0.181621
0 0.972330 0.706585 0.055341 0.187410
0 0.907336 0.926556 0.185328 0.146889
0 0.528315 0.960565 0.238095 0.078871
0 0.354569 0.968524 0.209781 0.062952
0 0.138996 0.945731 0.236808 0.108538
