0 0.122266 0.039074 0.200772 0.078147
0 0.150579 0.129522 0.205920 0.114328
0 0.368725 0.110347 0.271557 0.161361
0 0.397684 0.024240 0.262548 0.048480
0 0.668597 0.106729 0.312741 0.184515
0 0.884170 0.106006 0.229086 0.212012
0 0.128700 0.366136 0.236808 0.237337
0 0.369369 0.369754 0.265123 0.237337
0 0.586229 0.371201 0.245817 0.218524
0 0.796654 0.371563 0.283141 0.214907
0 0.353925 0.641824 0.213643 0.157743
0 0.146718 0.609262 0.267697 0.222866
0 0.545045 0.649060 0.245817 0.153401
0 0.131918 0.851303 0.245817 0.198987
0 0.268983 0.843344 0.193050 0.165702
0 0.497426 0.848770 0.245817 0.186686
0 0.886745 0.875904 0.223938 0.219247
