0 0.130631 0.084298 0.261262 0.168596
0 0.361647 0.087916 0.231661 0.175832
0 0.590734 0.086831 0.280566 0.173662
0 0.835908 0.087916 0.240669 0.175832
0 0.092021 0.366136 0.184042 0.185238
0 0.279923 0.359262 0.209781 0.191751
0 0.477477 0.346961 0.167310 0.170044
0 0.906049 0.366860 0.169884 0.173661
0 0.714930 0.366136 0.204633 0.172214
0 0.131274 0.617945 0.226512 0.186686
0 0.285714 0.611071 0.167310 0.194645
0 0.580437 0.620115 0.198199 0.180897
0 0.442084 0.609986 0.186615 0.182344
0 0.768340 0.628437 0.187902 0.155571
0 0.926641 0.628076 0.146718 0.156295
0 0.920206 0.885672 0.159588 0.150506
0 0.619691 0.850579 0.297297 0.197539
0 0.155084 0.813675 0.225225 0.136758
