0 0.231661 0.096600 0.234235 0.185962
0 0.469756 0.093343 0.262548 0.186686
0 0.675676 0.106368 0.203346 0.189580
0 0.902188 0.107092 0.195624 0.185238
0 0.248392 0.381693 0.252252 0.184515
0 0.453668 0.386396 0.235521 0.140377
0 0.653153 0.382055 0.214930 0.175109
0 0.859074 0.380608 0.238095 0.178003
0 0.916988 0.608901 0.166024 0.145442
0 0.751609 0.601303 0.254826 0.147612
0 0.609395 0.560057 0.166023 0.101303
0 0.414414 0.610710 0.267697 0.178003
0 0.252895 0.617221 0.217503 0.150506
0 0.142857 0.808249 0.285715 0.151954
