0 0.294080 0.092257 0.397683 0.184515
0 0.079150 0.414617 0.158301 0.231549
0 0.469756 0.437410 0.285715 0.222142
0 0.669884 0.429812 0.214930 0.204052
0 0.839124 0.420768 0.185328 0.204776
0 0.898971 0.701157 0.199486 0.173661
0 0.743244 0.709118 0.222651 0.141823
0 0.590091 0.711650 0.248392 0.175831
0 0.399615 0.719610 0.263836 0.183068
0 0.193050 0.720695 0.314028 0.193921
0 0.053411 0.741678 0.106822 0.183792
0 0.215573 0.941389 0.222651 0.117222
0 0.413128 0.946454 0.187902 0.107092
0 0.620335 0.940666 0.177606 0.118669
0 0.810811 0.925832 0.213643 0.148336
