0 0.684042 0.092257 0.397683 0.184515
0 0.294723 0.091896 0.213643 0.183792
0 0.110683 0.080319 0.221364 0.160637
0 0.087516 0.417872 0.175032 0.216353
0 0.395753 0.414617 0.305019 0.231549
0 0.858430 0.437410 0.283140 0.222142
0 0.927928 0.711650 0.144144 0.175831
0 0.789576 0.719610 0.263836 0.183068
0 0.583011 0.720695 0.314028 0.193921
0 0.371944 0.741678 0.249679 0.183792
0 0.140283 0.740955 0.234235 0.176555
0 0.093952 0.961288 0.187902 0.077423
0 0.259974 0.960565 0.265123 0.078871
0 0.605534 0.941389 0.222651 0.117222
0 0.803089 0.946454 0.187902 0.107092
0 0.960746 0.940666 0.078507 0.118669
