0 0.063063 0.198263 0.126126 0.127352
0 0.226513 0.199349 0.257400 0.167150
0 0.696912 0.229377 0.212356 0.073806
0 0.480695 0.225760 0.225225 0.079595
0 0.886744 0.232271 0.218790 0.063675
0 0.743887 0.455500 0.182754 0.185962
0 0.915058 0.448263 0.169884 0.172938
0 0.443372 0.456585 0.209781 0.162084
0 0.586873 0.454413 0.157014 0.154848
0 0.221364 0.452967 0.182754 0.140377
0 0.084299 0.452243 0.168597 0.170767
0 0.075290 0.703690 0.150580 0.136758
0 0.211712 0.699711 0.181468 0.153401
0 0.400901 0.698263 0.214930 0.144718
0 0.566280 0.700072 0.167310 0.157019
0 0.756113 0.695730 0.227799 0.158465
0 0.907336 0.691389 0.185329 0.151230
0 0.953668 0.899059 0.092664 0.164254
0 0.817246 0.896165 0.180181 0.158465
0 0.666022 0.911361 0.173745 0.154124
0 0.474903 0.902315 0.167310 0.123011
0 0.310167 0.907381 0.216217 0.115774
0 0.068855 0.918958 0.137709 0.144718
