0 0.201415 0.219972 0.305019 0.231549
0 0.665380 0.242764 0.285715 0.222142
0 0.865508 0.235166 0.214930 0.204052
0 0.971042 0.226122 0.057915 0.204776
0 0.913771 0.514472 0.172458 0.141823
0 0.785715 0.517005 0.248392 0.175831
0 0.595239 0.524964 0.263836 0.183068
0 0.388674 0.526049 0.314028 0.193921
0 0.177607 0.547033 0.249679 0.183792
0 0.099099 0.818741 0.198198 0.184515
0 0.411197 0.764110 0.222651 0.151954
0 0.608752 0.763386 0.187902 0.130246
0 0.815959 0.767366 0.177606 0.161361
0 0.949807 0.746382 0.100386 0.178727
0 0.768340 0.944645 0.236808 0.110710
