0 0.660648 0.142187 0.080556 0.173958
0 0.752315 0.143490 0.113889 0.177604
0 0.842130 0.149479 0.121296 0.177083
0 0.366667 0.135417 0.227778 0.150000
0 0.944907 0.143229 0.108333 0.181250
0 0.517593 0.162240 0.151852 0.129688
0 0.162500 0.151302 0.186111 0.145313
0 0.070833 0.374219 0.141666 0.142187
0 0.173148 0.377083 0.190741 0.147917
0 0.356019 0.397396 0.213889 0.137500
0 0.491204 0.402344 0.150926 0.126562
0 0.663889 0.388021 0.096296 0.120833
0 0.732870 0.395313 0.087963 0.126042
0 0.812500 0.388542 0.112037 0.127083
0 0.906944 0.388802 0.110185 0.119271
0 0.954167 0.679948 0.089815 0.072396
0 0.863426 0.676302 0.095370 0.070312
0 0.775463 0.672396 0.087963 0.071875
0 0.712037 0.634635 0.107407 0.139063
0 0.644444 0.622917 0.105556 0.148958
0 0.465278 0.633073 0.180556 0.106771
0 0.326852 0.610417 0.200000 0.114583
0 0.189815 0.612240 0.135185 0.110937
0 0.065278 0.616146 0.128704 0.096875
0 0.126852 0.793490 0.127778 0.094271
0 0.225926 0.822917 0.140741 0.061458
0 0.352315 0.816667 0.137963 0.114583
0 0.475000 0.824219 0.144444 0.106771
0 0.631944 0.847396 0.134259 0.110417
0 0.788889 0.865104 0.159259 0.118750
0 0.290741 0.945312 0.094444 0.078125
0 0.932870 0.865104 0.132407 0.113542
0 0.380556 0.947396 0.112963 0.078125
0 0.043056 0.909635 0.086111 0.082812
