0 0.296653 0.101302 0.253539 0.202604
0 0.539896 0.104558 0.217503 0.209117
0 0.793436 0.106367 0.287001 0.212735
0 0.269627 0.396166 0.207207 0.191751
0 0.441441 0.394718 0.187902 0.191751
0 0.866796 0.408466 0.194337 0.175831
0 0.609394 0.388568 0.158301 0.179451
0 0.052767 0.638205 0.105533 0.183792
0 0.249034 0.646527 0.217503 0.185962
0 0.559845 0.647975 0.151866 0.183068
0 0.716859 0.657380 0.167310 0.180174
0 0.890604 0.674385 0.213643 0.125904
0 0.242600 0.837192 0.209781 0.136035
0 0.720077 0.874819 0.330759 0.196817
