0 0.252252 0.044139 0.380952 0.088278
0 0.503861 0.043415 0.276705 0.086830
0 0.648006 0.045586 0.209781 0.091172
0 0.808880 0.051375 0.276705 0.102750
0 0.072072 0.304631 0.144145 0.124457
0 0.293436 0.295587 0.311454 0.184515
0 0.572072 0.299566 0.212356 0.157743
0 0.952381 0.309696 0.095238 0.147612
0 0.084299 0.538713 0.168598 0.214907
0 0.240669 0.533285 0.164737 0.192475
0 0.424066 0.535817 0.281854 0.212011
0 0.613257 0.534371 0.204633 0.200434
0 0.781210 0.539798 0.146719 0.198263
0 0.920850 0.568380 0.158301 0.167150
0 0.072716 0.807525 0.145431 0.134588
0 0.231660 0.788350 0.231661 0.139653
0 0.661519 0.784732 0.252252 0.167150
0 0.895109 0.768451 0.209781 0.191027
0 0.957529 0.946455 0.084942 0.107090
0 0.624196 0.944646 0.213643 0.110709
0 0.254826 0.948987 0.187902 0.102027
0 0.730374 0.946816 0.145432 0.106367
0 0.057915 0.948987 0.115830 0.102026
0 0.441441 0.721057 0.157014 0.094790
