0 0.096525 0.039798 0.193051 0.079595
0 0.316603 0.045224 0.247105 0.090449
0 0.554698 0.059696 0.290862 0.119391
0 0.812098 0.051013 0.193050 0.102026
0 0.121621 0.303183 0.243243 0.185238
0 0.363578 0.305716 0.279279 0.194645
0 0.614542 0.323082 0.207207 0.123734
0 0.887387 0.304270 0.225226 0.167150
0 0.120978 0.566932 0.180181 0.152678
0 0.406048 0.554631 0.176319 0.157019
0 0.574003 0.552098 0.239382 0.164978
0 0.931146 0.547757 0.137709 0.163531
0 0.793436 0.556079 0.232948 0.154124
0 0.076577 0.801736 0.153154 0.163531
0 0.241313 0.803907 0.207207 0.153401
0 0.441441 0.800651 0.167310 0.159913
0 0.604891 0.793415 0.169884 0.162808
0 0.777992 0.787265 0.209781 0.156295
0 0.937580 0.787265 0.124839 0.144718
0 0.122909 0.960564 0.129988 0.078871
0 0.273488 0.966715 0.171171 0.066570
0 0.391892 0.971780 0.137709 0.056440
0 0.537967 0.957308 0.221364 0.085384
0 0.778636 0.953690 0.172458 0.092620
0 0.933720 0.955137 0.132561 0.089725
