0 0.087516 0.068379 0.175032 0.136758
0 0.395753 0.070550 0.305019 0.141101
0 0.858430 0.079595 0.283140 0.159190
0 0.927928 0.322359 0.144144 0.175831
0 0.789576 0.330319 0.263836 0.183068
0 0.583011 0.331404 0.314028 0.193921
0 0.371944 0.352388 0.249679 0.183792
0 0.140283 0.351664 0.234235 0.176555
0 0.093952 0.628076 0.187902 0.189580
0 0.259974 0.624095 0.265123 0.184515
0 0.605534 0.569464 0.222651 0.151954
0 0.803089 0.568740 0.187902 0.130246
0 0.960746 0.572721 0.078507 0.161361
0 0.922137 0.753618 0.155726 0.117945
