0 0.166667 0.039798 0.312741 0.079595
0 0.410554 0.041244 0.254826 0.082489
0 0.122266 0.212735 0.200772 0.120115
0 0.150579 0.324167 0.205920 0.114328
0 0.368725 0.304992 0.271557 0.161361
0 0.397684 0.184153 0.262548 0.117945
0 0.668597 0.301374 0.312741 0.184515
0 0.884170 0.300289 0.229086 0.212735
0 0.128700 0.560781 0.236808 0.237337
0 0.369369 0.564399 0.265123 0.237337
0 0.586229 0.565847 0.245817 0.218524
0 0.796654 0.566208 0.283141 0.214907
0 0.353925 0.836470 0.213643 0.157743
0 0.146718 0.803907 0.267697 0.222866
0 0.545045 0.843705 0.245817 0.153401
