0 0.712355 0.048119 0.333334 0.096237
0 0.206564 0.049928 0.287001 0.099856
0 0.939511 0.043777 0.120977 0.087554
0 0.485843 0.042330 0.240669 0.084660
0 0.231661 0.291245 0.234235 0.185962
0 0.469756 0.287989 0.262548 0.186686
0 0.675676 0.301013 0.203346 0.189580
0 0.902188 0.301737 0.195624 0.185238
0 0.248392 0.576339 0.252252 0.184515
0 0.453668 0.581042 0.235521 0.140377
0 0.653153 0.576700 0.214930 0.175109
0 0.859074 0.575254 0.238095 0.178003
0 0.916988 0.803546 0.166024 0.145442
0 0.751609 0.795948 0.254826 0.147612
0 0.609395 0.754703 0.166023 0.101303
0 0.414414 0.805355 0.267697 0.178003
0 0.252895 0.811867 0.217503 0.150506
0 0.142857 0.963459 0.285715 0.073083
