0 0.923424 0.079595 0.153153 0.159190
0 0.637709 0.074168 0.209781 0.148336
0 0.781210 0.071273 0.157014 0.142546
0 0.415701 0.066932 0.182754 0.133865
0 0.243887 0.074168 0.238095 0.148336
0 0.054054 0.078148 0.108108 0.156295
0 0.074003 0.327062 0.148004 0.141823
0 0.234235 0.314399 0.221364 0.136758
0 0.406049 0.310420 0.181468 0.153401
0 0.595238 0.308972 0.214930 0.144718
0 0.760617 0.310781 0.167310 0.157019
0 0.918275 0.306440 0.163450 0.158465
0 0.960746 0.506874 0.078507 0.158465
0 0.860360 0.522070 0.173745 0.154124
0 0.669240 0.513024 0.167310 0.123011
0 0.504505 0.518090 0.216217 0.115774
0 0.212999 0.529667 0.238095 0.144718
0 0.081724 0.529667 0.155727 0.154848
0 0.826254 0.687410 0.172458 0.121563
0 0.054054 0.078148 0.108108 0.156295
