0 0.902188 0.232634 0.193050 0.155571
0 0.720721 0.231549 0.151866 0.144718
0 0.584299 0.221779 0.203346 0.149784
0 0.404118 0.206946 0.169884 0.164978
0 0.223939 0.198263 0.252252 0.192475
0 0.061133 0.191751 0.122266 0.205500
0 0.051480 0.484082 0.102959 0.146165
0 0.231016 0.483358 0.227799 0.172214
0 0.413128 0.476845 0.195625 0.169320
0 0.806950 0.479740 0.185328 0.163531
0 0.935650 0.471780 0.108108 0.141823
0 0.725869 0.687771 0.175032 0.125181
0 0.848134 0.674747 0.157014 0.132416
0 0.575289 0.697539 0.144145 0.130246
0 0.213642 0.714182 0.205920 0.128798
0 0.074646 0.731549 0.149292 0.138929
0 0.131274 0.937771 0.167310 0.124457
0 0.307594 0.927279 0.185328 0.145442
0 0.432433 0.912083 0.159588 0.120839
0 0.559845 0.900506 0.123552 0.139653
0 0.703990 0.880608 0.175032 0.138929
0 0.839768 0.872648 0.142857 0.123011
