0 0.165825 0.108902 0.274411 0.215909
0 0.326600 0.097064 0.195285 0.194128
0 0.611953 0.105587 0.250842 0.211174
0 0.839225 0.097064 0.247475 0.194128
0 0.963805 0.366478 0.072390 0.176136
0 0.856060 0.386836 0.254209 0.161933
0 0.669193 0.382102 0.274411 0.167615
0 0.500000 0.385891 0.242424 0.199811
0 0.357744 0.383996 0.291245 0.218751
0 0.170875 0.399147 0.200336 0.218751
0 0.042930 0.679451 0.085859 0.203598
0 0.058081 0.422822 0.116162 0.226325
0 0.520202 0.665245 0.380471 0.199811
0 0.878787 0.666193 0.242425 0.171402
