0 0.126770 0.162808 0.253540 0.191027
0 0.292793 0.169682 0.209781 0.175831
0 0.532819 0.149783 0.133848 0.167872
0 0.628700 0.159914 0.122265 0.175109
0 0.739382 0.150507 0.155727 0.176555
0 0.870656 0.150868 0.153153 0.165702
0 0.936294 0.555355 0.124839 0.100579
0 0.810167 0.550289 0.132561 0.097684
0 0.687902 0.544863 0.122265 0.099855
0 0.599743 0.492402 0.149292 0.193199
0 0.505791 0.476122 0.146719 0.206946
0 0.256757 0.490232 0.250966 0.148336
0 0.101673 0.458756 0.203346 0.159189
0 0.099743 0.745297 0.191763 0.159189
0 0.270270 0.755789 0.200772 0.148336
0 0.488416 0.787989 0.186615 0.153401
0 0.706564 0.812590 0.221364 0.164978
0 0.039897 0.924022 0.079794 0.108538
0 0.906692 0.812590 0.184041 0.157743
0 0.138997 0.926918 0.157014 0.108538
