0 0.228443 0.077786 0.305019 0.155572
0 0.490991 0.073806 0.253539 0.147613
0 0.767053 0.079233 0.332046 0.158466
0 0.907336 0.073082 0.185328 0.146165
0 0.115186 0.346237 0.184041 0.175831
0 0.318533 0.348046 0.281854 0.196817
0 0.490348 0.353112 0.234235 0.196817
0 0.728443 0.379161 0.262548 0.173661
0 0.918276 0.387481 0.163449 0.177279
0 0.871300 0.695730 0.257401 0.161361
0 0.698842 0.696454 0.241956 0.168596
0 0.505792 0.677642 0.193050 0.152678
0 0.347490 0.679812 0.195625 0.117945
0 0.223938 0.660276 0.223938 0.136758
0 0.082368 0.651230 0.159588 0.138929
0 0.722007 0.937409 0.198199 0.125182
0 0.886744 0.941751 0.175032 0.116497
0 0.533462 0.959479 0.212356 0.081041
0 0.384170 0.921490 0.217503 0.120839
0 0.180181 0.920044 0.164737 0.129522
0 0.064993 0.899782 0.104247 0.119393
