0 0.091377 0.046309 0.182754 0.092619
0 0.236164 0.048481 0.266410 0.096962
0 0.377735 0.051374 0.220077 0.102749
0 0.525740 0.049204 0.238095 0.098408
0 0.760617 0.044863 0.252252 0.089725
0 0.909910 0.049204 0.180180 0.098409
0 0.103604 0.267366 0.207207 0.188856
0 0.379665 0.273155 0.290862 0.133864
0 0.797941 0.269537 0.254826 0.168596
0 0.066280 0.497829 0.132561 0.189580
0 0.213643 0.502894 0.177606 0.191027
0 0.400901 0.499276 0.232948 0.192475
0 0.557272 0.503980 0.164737 0.165702
0 0.712355 0.518090 0.184041 0.149060
0 0.868082 0.518090 0.196912 0.146165
0 0.091377 0.730825 0.182754 0.124457
0 0.450450 0.714544 0.221364 0.159913
0 0.671814 0.714183 0.175032 0.175109
0 0.859718 0.711650 0.164737 0.170044
0 0.112613 0.903039 0.176319 0.159189
0 0.441442 0.921852 0.216217 0.156296
0 0.572072 0.909913 0.135135 0.168596
0 0.827541 0.906657 0.175032 0.150506
