0 0.196912 0.109986 0.283141 0.124457
0 0.487774 0.100941 0.311454 0.184515
0 0.766409 0.104920 0.212356 0.157743
0 0.079794 0.342620 0.154440 0.209117
0 0.247105 0.344067 0.231661 0.214907
0 0.435006 0.338639 0.164737 0.192475
0 0.618404 0.341172 0.281854 0.212011
0 0.807594 0.339726 0.204633 0.200434
0 0.951094 0.345152 0.097812 0.198263
0 0.099743 0.576700 0.199485 0.196817
0 0.241313 0.612880 0.196912 0.134588
0 0.425997 0.593705 0.231661 0.139653
0 0.855856 0.590087 0.252252 0.167150
0 0.818533 0.795948 0.213643 0.202604
0 0.449163 0.787626 0.187902 0.168596
0 0.924711 0.784371 0.145432 0.170767
0 0.225869 0.786180 0.168597 0.165702
0 0.090090 0.795948 0.180181 0.192475
0 0.635778 0.526412 0.157014 0.094790
