0 0.254182 0.099132 0.266410 0.198264
0 0.623552 0.101303 0.238095 0.202605
0 0.843629 0.095152 0.222651 0.190304
0 0.180181 0.376989 0.159588 0.173661
0 0.386101 0.375543 0.226512 0.182344
0 0.624839 0.381693 0.220077 0.167150
0 0.828828 0.377713 0.247105 0.175109
0 0.907335 0.646527 0.185329 0.171491
0 0.748391 0.629885 0.222651 0.180174
0 0.169884 0.606729 0.285715 0.204776
0 0.371944 0.608901 0.239382 0.207670
0 0.097168 0.828510 0.158301 0.179451
0 0.239382 0.822358 0.157014 0.165702
0 0.382883 0.824891 0.209781 0.162084
0 0.682111 0.860347 0.252252 0.202604
0 0.781853 0.846599 0.135135 0.160637
0 0.942085 0.818379 0.115830 0.102749
