0 0.810810 0.181259 0.167310 0.212011
0 0.673101 0.177280 0.172458 0.188134
0 0.581082 0.170406 0.137709 0.204776
0 0.431145 0.149421 0.141570 0.185962
0 0.326255 0.134587 0.142857 0.180897
0 0.119047 0.128437 0.127414 0.180174
0 0.233591 0.127713 0.132561 0.170044
0 0.193050 0.460202 0.118404 0.188134
0 0.138353 0.443922 0.122265 0.209117
0 0.291505 0.514833 0.106821 0.112156
0 0.409909 0.514472 0.140283 0.101303
0 0.516087 0.522431 0.136422 0.108538
0 0.659588 0.469609 0.114543 0.109986
0 0.772201 0.476844 0.115830 0.098408
0 0.869369 0.482634 0.145432 0.092620
0 0.877092 0.800289 0.225225 0.192475
0 0.677606 0.794139 0.204633 0.177279
0 0.542471 0.771708 0.184041 0.132416
0 0.333334 0.757235 0.257400 0.170044
0 0.138353 0.750724 0.207207 0.174385
