0 0.162805 0.043777 0.204633 0.087554
0 0.343630 0.042691 0.167310 0.085383
0 0.557271 0.041968 0.262548 0.083936
0 0.753539 0.037627 0.150579 0.075254
0 0.937581 0.023878 0.093952 0.047756
0 0.947233 0.256150 0.102960 0.166426
0 0.688546 0.278944 0.200772 0.128076
0 0.530244 0.286541 0.208494 0.150506
0 0.357143 0.296671 0.178894 0.149060
0 0.199485 0.294863 0.180181 0.119393
0 0.078507 0.299928 0.157015 0.123734
0 0.889317 0.493488 0.169884 0.134588
0 0.684041 0.505065 0.124839 0.101303
0 0.550837 0.511216 0.182754 0.119393
0 0.392535 0.534371 0.138996 0.067294
0 0.250965 0.514109 0.159588 0.115050
0 0.077864 0.515557 0.155728 0.141099
0 0.058558 0.727568 0.106821 0.057164
0 0.142857 0.666426 0.118404 0.089725
0 0.489703 0.670043 0.114543 0.088278
0 0.584299 0.654486 0.095239 0.089001
0 0.893822 0.671491 0.209781 0.183792
