0 0.936294 0.051013 0.127413 0.102026
0 0.794079 0.047395 0.169884 0.094790
0 0.613900 0.049928 0.252252 0.099855
0 0.389962 0.049928 0.244530 0.099856
0 0.173102 0.041968 0.243243 0.083936
0 0.216217 0.277497 0.195625 0.187410
0 0.409909 0.289436 0.166023 0.146165
0 0.620978 0.288712 0.227799 0.172214
0 0.803089 0.282199 0.195625 0.169320
0 0.946589 0.502894 0.106822 0.130246
0 0.603603 0.519536 0.205920 0.128798
0 0.243243 0.544139 0.203346 0.153401
0 0.431145 0.536904 0.216217 0.138929
0 0.346203 0.751809 0.208494 0.159189
0 0.521236 0.757598 0.167310 0.153401
0 0.697555 0.732995 0.185328 0.146165
0 0.822394 0.717438 0.159588 0.120839
0 0.944015 0.705861 0.111970 0.139653
0 0.901544 0.886758 0.196912 0.143994
0 0.776705 0.908828 0.163450 0.138929
0 0.691763 0.927279 0.191763 0.135311
0 0.293436 0.943921 0.234235 0.112157
