0 0.122265 0.189942 0.244531 0.190304
0 0.359074 0.208755 0.290862 0.210564
0 0.616474 0.212735 0.193050 0.167872
0 0.829473 0.203328 0.263836 0.193921
0 0.167954 0.500361 0.279279 0.194645
0 0.418918 0.517728 0.207207 0.123734
0 0.698198 0.498915 0.238095 0.167150
0 0.862291 0.494935 0.208494 0.167872
0 0.210424 0.749277 0.176319 0.157019
0 0.378379 0.746744 0.239382 0.164978
0 0.775418 0.742402 0.217503 0.163531
0 0.597812 0.750724 0.232948 0.154124
0 0.074646 0.960926 0.149292 0.078148
0 0.245817 0.957670 0.167310 0.084660
0 0.409266 0.953328 0.169884 0.093343
0 0.582368 0.951881 0.209781 0.096237
0 0.772201 0.954776 0.185328 0.090449
