0 0.854569 0.308973 0.149292 0.211288
0 0.725868 0.304631 0.141570 0.202604
0 0.604247 0.302098 0.114543 0.201882
0 0.499356 0.298842 0.120978 0.214183
0 0.370013 0.294139 0.124839 0.206224
0 0.249035 0.292691 0.122265 0.200434
0 0.142214 0.283647 0.109396 0.199711
0 0.043758 0.283647 0.087515 0.208394
0 0.099099 0.562229 0.115830 0.102749
0 0.229086 0.568017 0.092665 0.091172
0 0.391891 0.572358 0.124839 0.099855
0 0.537323 0.568741 0.119691 0.092620
0 0.679537 0.577786 0.095239 0.116498
0 0.789576 0.594429 0.114543 0.117945
0 0.724581 0.849855 0.285715 0.201882
0 0.472330 0.831042 0.334621 0.212011
0 0.242600 0.825254 0.284428 0.209117
