0 0.082368 0.258683 0.164736 0.236614
0 0.281210 0.264833 0.212356 0.238784
0 0.503218 0.280029 0.241956 0.222866
0 0.759974 0.268090 0.320464 0.255427
0 0.944659 0.277858 0.110682 0.227207
0 0.918919 0.583574 0.162162 0.191751
0 0.723938 0.583213 0.214930 0.176555
0 0.533462 0.585746 0.212356 0.184515
0 0.360360 0.580319 0.244530 0.185238
0 0.188546 0.569103 0.235521 0.178727
0 0.032175 0.543054 0.064351 0.167150
0 0.088803 0.811505 0.177606 0.196093
0 0.231660 0.818017 0.229086 0.188856
0 0.413127 0.820912 0.149292 0.171491
0 0.552767 0.820912 0.194337 0.191751
0 0.899614 0.816208 0.200773 0.173661
0 0.711712 0.824530 0.275418 0.170044
