0 0.677607 0.118307 0.204633 0.236614
0 0.926641 0.105644 0.144145 0.211287
0 0.464608 0.114327 0.149292 0.211288
0 0.335907 0.109986 0.141570 0.202604
0 0.214285 0.107453 0.114543 0.201882
0 0.109395 0.105644 0.120978 0.211288
0 0.021236 0.101303 0.042472 0.202605
0 0.032175 0.377713 0.064350 0.099855
0 0.147362 0.374095 0.119691 0.092620
0 0.289575 0.383141 0.095239 0.116498
0 0.399615 0.399783 0.114543 0.117945
0 0.694338 0.420043 0.235521 0.191751
0 0.899614 0.435601 0.198199 0.163531
0 0.769626 0.683429 0.254826 0.213459
0 0.334620 0.655210 0.285715 0.201882
0 0.124839 0.636396 0.249679 0.212011
0 0.157657 0.880607 0.310167 0.178003
0 0.451738 0.887481 0.244530 0.158465
