0 0.840067 0.260891 0.303031 0.125947
0 0.568182 0.246213 0.260944 0.195076
0 0.077441 0.259944 0.154883 0.190342
0 0.293771 0.258996 0.301347 0.220644
0 0.053030 0.116476 0.106060 0.155304
0 0.096801 0.569129 0.193603 0.301136
0 0.264309 0.543560 0.255893 0.248105
0 0.511784 0.529829 0.218855 0.252842
0 0.734849 0.525095 0.274411 0.237689
0 0.913300 0.515625 0.173400 0.245265
0 0.941919 0.772255 0.116162 0.209280
0 0.788720 0.806818 0.264309 0.198864
0 0.281987 0.888258 0.311447 0.183713
0 0.095960 0.908618 0.191920 0.182765
