0 0.096525 0.277497 0.193050 0.230825
0 0.429215 0.285095 0.238095 0.224312
0 0.649292 0.286541 0.222651 0.196817
0 0.874517 0.284008 0.250966 0.213459
0 0.032819 0.571635 0.065638 0.173661
0 0.191764 0.570188 0.226512 0.182344
0 0.430502 0.576339 0.220077 0.167150
0 0.634491 0.572358 0.247105 0.175109
0 0.879022 0.589363 0.241956 0.178727
0 0.928571 0.852749 0.142857 0.174385
0 0.754182 0.841172 0.267697 0.171491
0 0.554054 0.824530 0.222651 0.180174
0 0.059202 0.801375 0.118404 0.204776
0 0.177607 0.803546 0.239382 0.207670
0 0.061776 0.967076 0.123552 0.065847
0 0.188546 0.969247 0.209781 0.061506
0 0.762548 0.980825 0.145432 0.038350
