0 0.079966 0.146307 0.159932 0.292615
0 0.225589 0.145360 0.168351 0.285038
0 0.377104 0.154830 0.205387 0.309659
0 0.553873 0.159564 0.141415 0.277462
0 0.805556 0.167615 0.159933 0.251895
0 0.909933 0.176609 0.180135 0.269887
0 0.042929 0.562500 0.085858 0.181818
0 0.137205 0.571969 0.129629 0.208333
0 0.274411 0.573391 0.144782 0.207385
0 0.436027 0.565340 0.154882 0.183713
0 0.586700 0.593276 0.153198 0.252842
0 0.732324 0.597538 0.158249 0.251895
0 0.876262 0.602273 0.156565 0.261364
0 0.952862 0.926609 0.094275 0.120265
0 0.845118 0.928504 0.134680 0.108902
0 0.736533 0.933238 0.159933 0.099433
0 0.606060 0.980114 0.141415 0.039773
0 0.466329 0.980587 0.127945 0.038826
0 0.168351 0.937026 0.154882 0.125947
0 0.053873 0.932292 0.107744 0.135416
