0 0.919563 0.099131 0.160875 0.198263
0 0.716217 0.090811 0.227799 0.181621
0 0.476191 0.098770 0.236808 0.197539
0 0.216217 0.105644 0.247105 0.172214
0 0.171815 0.398336 0.189189 0.174385
0 0.345560 0.396888 0.207207 0.177279
0 0.552767 0.384949 0.204633 0.183792
0 0.733591 0.386758 0.167310 0.175831
0 0.907979 0.393632 0.184042 0.159189
0 0.907979 0.675832 0.184041 0.150506
0 0.747104 0.685962 0.178894 0.149060
0 0.589446 0.684154 0.180181 0.119393
0 0.458817 0.689219 0.176319 0.123734
0 0.272844 0.706585 0.218790 0.128076
0 0.924711 0.900506 0.150579 0.119393
0 0.782497 0.923662 0.138996 0.067294
0 0.640926 0.903400 0.159588 0.115050
0 0.456242 0.904848 0.178894 0.141099
0 0.308880 0.919320 0.195625 0.132416
0 0.081081 0.929812 0.162162 0.138929
