0 0.276095 0.259469 0.286195 0.166667
0 0.550505 0.260891 0.336700 0.218751
0 0.867845 0.295455 0.264310 0.104167
0 0.834175 0.597538 0.274411 0.212122
0 0.959596 0.594696 0.080808 0.202651
0 0.543771 0.592804 0.239056 0.183713
0 0.319024 0.591856 0.311447 0.223485
0 0.070707 0.604640 0.141415 0.218751
0 0.096802 0.922349 0.193602 0.155303
0 0.306398 0.915720 0.289562 0.168561
0 0.531145 0.907670 0.237375 0.184659
0 0.778620 0.909564 0.281145 0.180872
0 0.942761 0.906723 0.114478 0.186554
0 0.070707 0.604640 0.141415 0.218751
