0 0.670875 0.157196 0.193602 0.236742
0 0.420035 0.143940 0.375420 0.261364
0 0.154040 0.174716 0.308081 0.232007
0 0.906565 0.195076 0.166667 0.143940
0 0.900673 0.447444 0.195285 0.228220
0 0.593435 0.492424 0.183502 0.195076
0 0.427609 0.493371 0.222222 0.189395
0 0.208755 0.516573 0.235691 0.209280
0 0.068182 0.518465 0.136364 0.213069
0 0.094276 0.815342 0.188553 0.193182
0 0.247475 0.805398 0.158249 0.169507
0 0.412458 0.780304 0.178451 0.196969
0 0.690236 0.753787 0.316498 0.195076
0 0.866162 0.716856 0.264309 0.206440
0 0.859427 0.945075 0.210438 0.109849
0 0.605218 0.955019 0.227273 0.089963
