0 0.059846 0.088278 0.119692 0.176556
0 0.215572 0.094791 0.166023 0.146165
0 0.426641 0.094067 0.227799 0.172214
0 0.608752 0.087554 0.195625 0.169320
0 0.954955 0.090449 0.090090 0.163531
0 0.916989 0.298480 0.166023 0.125181
0 0.770913 0.308248 0.144145 0.130246
0 0.409266 0.324891 0.205920 0.128798
0 0.075289 0.349494 0.150579 0.153401
0 0.236808 0.342258 0.216217 0.138929
0 0.151866 0.557164 0.208494 0.159189
0 0.326898 0.562953 0.167310 0.153401
0 0.503218 0.538350 0.185328 0.146165
0 0.628057 0.522792 0.159588 0.120839
0 0.755469 0.511216 0.123552 0.139653
0 0.899614 0.491317 0.175032 0.138929
0 0.966538 0.653038 0.066924 0.119393
0 0.873231 0.664254 0.178894 0.136035
0 0.707207 0.692112 0.196912 0.143994
0 0.582368 0.714183 0.163450 0.138929
0 0.497426 0.732634 0.191763 0.135311
0 0.108108 0.783285 0.216216 0.180174
