0 0.135779 0.049204 0.238095 0.098408
0 0.370656 0.044863 0.252252 0.089725
0 0.532175 0.049204 0.204633 0.098409
0 0.729730 0.044139 0.229086 0.088278
0 0.909910 0.042691 0.175032 0.085383
0 0.067567 0.273155 0.135135 0.133864
0 0.407979 0.269537 0.254826 0.168596
0 0.715572 0.275688 0.172458 0.167872
0 0.902832 0.277497 0.191763 0.158465
0 0.063707 0.499276 0.127414 0.192475
0 0.167310 0.503980 0.164737 0.165702
0 0.322394 0.518090 0.184041 0.149060
0 0.478121 0.518090 0.196912 0.146165
0 0.686615 0.522431 0.220077 0.146165
0 0.878378 0.523155 0.227799 0.153401
0 0.085585 0.714544 0.171171 0.159913
0 0.281853 0.714183 0.175032 0.175109
0 0.784427 0.726121 0.232948 0.151230
0 0.469756 0.711650 0.164737 0.170044
0 0.918919 0.739508 0.159588 0.150506
0 0.079795 0.921852 0.159589 0.156296
0 0.182111 0.909913 0.135135 0.168596
0 0.437580 0.906657 0.175032 0.150506
0 0.689189 0.924385 0.220077 0.151230
0 0.911840 0.897250 0.155727 0.092620
