0 0.518018 0.048119 0.333334 0.096237
0 0.837195 0.043777 0.305019 0.087554
0 0.291506 0.042330 0.240669 0.084660
0 0.077220 0.291245 0.154441 0.185962
0 0.275418 0.287989 0.262548 0.186686
0 0.481338 0.301013 0.203346 0.189580
0 0.741956 0.301737 0.263836 0.185238
0 0.884170 0.301374 0.231660 0.188856
0 0.090090 0.576339 0.180180 0.184515
0 0.259331 0.581042 0.235521 0.140377
0 0.458815 0.576700 0.214930 0.175109
0 0.664737 0.575254 0.238095 0.178003
0 0.874517 0.581765 0.160876 0.164978
0 0.907979 0.819465 0.184042 0.183068
0 0.738095 0.803546 0.196912 0.145442
0 0.557272 0.795948 0.254826 0.147612
0 0.415058 0.754703 0.166023 0.101303
0 0.220077 0.805355 0.267697 0.178003
0 0.083655 0.811867 0.167309 0.150506
0 0.889962 0.975398 0.196912 0.049204
