0 0.075758 0.169507 0.141415 0.299242
0 0.218855 0.188447 0.171716 0.287878
0 0.360269 0.183713 0.151515 0.320076
0 0.476431 0.176136 0.191920 0.316287
0 0.703704 0.178031 0.164984 0.274622
0 0.847644 0.179924 0.082491 0.259469
0 0.946128 0.168560 0.107744 0.267045
0 0.928451 0.653409 0.143098 0.265151
0 0.790404 0.650095 0.149831 0.264205
0 0.653198 0.645833 0.158249 0.280304
0 0.484007 0.639678 0.163300 0.269887
0 0.325758 0.637784 0.159933 0.262311
0 0.186027 0.625947 0.143098 0.261364
0 0.057239 0.625947 0.114477 0.272727
0 0.129629 0.961648 0.151515 0.076704
0 0.299664 0.969223 0.121213 0.061554
0 0.512625 0.969223 0.163300 0.061554
0 0.702862 0.969223 0.156565 0.061554
0 0.888889 0.967330 0.124580 0.065340
