0 0.122265 0.045224 0.244531 0.090449
0 0.359074 0.059696 0.290862 0.119391
0 0.616474 0.051013 0.193050 0.102026
0 0.829473 0.052822 0.263836 0.105644
0 0.167954 0.305716 0.279279 0.194645
0 0.418918 0.323082 0.207207 0.123734
0 0.698198 0.304270 0.238095 0.167150
0 0.862291 0.300289 0.208494 0.167872
0 0.210424 0.554631 0.176319 0.157019
0 0.378379 0.552098 0.239382 0.164978
0 0.775418 0.547757 0.217503 0.163531
0 0.597812 0.556079 0.232948 0.154124
0 0.074646 0.803907 0.149292 0.153401
0 0.245817 0.800651 0.167310 0.159913
0 0.409266 0.793415 0.169884 0.162808
0 0.582368 0.787265 0.209781 0.156295
0 0.772201 0.787265 0.185328 0.144718
0 0.081724 0.966715 0.163449 0.066570
0 0.196267 0.971780 0.137709 0.056440
0 0.342343 0.957308 0.221364 0.085384
0 0.583012 0.953690 0.172458 0.092620
0 0.760618 0.955137 0.177606 0.089725
