0 0.528314 0.197539 0.111970 0.241678
0 0.655727 0.199349 0.158301 0.246744
0 0.780567 0.207670 0.168597 0.246020
0 0.138996 0.188134 0.277993 0.208394
0 0.923423 0.198987 0.150579 0.251809
0 0.329473 0.225399 0.211068 0.180174
0 0.126770 0.552099 0.253540 0.191027
0 0.292793 0.558973 0.209781 0.175831
0 0.532819 0.539074 0.133848 0.167872
0 0.628700 0.549205 0.122265 0.175109
0 0.739382 0.539798 0.155727 0.176555
0 0.870656 0.540159 0.153153 0.165702
0 0.936294 0.944646 0.124839 0.100579
0 0.810167 0.939580 0.132561 0.097684
0 0.687902 0.934154 0.122265 0.099855
0 0.599743 0.881693 0.149292 0.193199
0 0.505791 0.865413 0.146719 0.206946
0 0.256757 0.879523 0.250966 0.148336
0 0.101673 0.848047 0.203346 0.159189
