0 0.162805 0.383864 0.204633 0.148336
0 0.330116 0.386397 0.204633 0.147612
0 0.042471 0.372648 0.084941 0.123011
0 0.833977 0.389653 0.193050 0.162808
0 0.338481 0.563314 0.167310 0.126628
0 0.201415 0.567656 0.222651 0.116498
0 0.840411 0.566571 0.203346 0.130246
0 0.965251 0.558973 0.069498 0.122287
0 0.937581 0.715629 0.124838 0.109986
0 0.854569 0.725036 0.138996 0.114328
0 0.332690 0.737700 0.209781 0.106368
0 0.157014 0.739508 0.177606 0.107091
0 0.055341 0.562952 0.110683 0.123011
0 0.373230 0.884949 0.159588 0.107091
0 0.225225 0.892547 0.164737 0.110708
0 0.790862 0.980825 0.135135 0.038350
0 0.894465 0.973951 0.113255 0.052099
