0 0.743887 0.079595 0.182754 0.159190
0 0.915058 0.072720 0.169884 0.145441
0 0.443372 0.074168 0.209781 0.148336
0 0.586873 0.071273 0.157014 0.142546
0 0.221364 0.066932 0.182754 0.133865
0 0.084299 0.074168 0.168597 0.148336
0 0.075290 0.314399 0.150580 0.136758
0 0.211712 0.310420 0.181468 0.153401
0 0.400901 0.308972 0.214930 0.144718
0 0.566280 0.310781 0.167310 0.157019
0 0.756113 0.306440 0.227799 0.158465
0 0.907336 0.302098 0.185329 0.151230
0 0.953668 0.509768 0.092664 0.164254
0 0.817246 0.506874 0.180181 0.158465
0 0.666022 0.522070 0.173745 0.154124
0 0.474903 0.513024 0.167310 0.123011
0 0.310167 0.518090 0.216217 0.115774
0 0.068855 0.529667 0.137709 0.144718
0 0.631917 0.687410 0.172458 0.121563
0 0.896396 0.700073 0.186615 0.075978
