0 0.079794 0.199349 0.159588 0.167150
0 0.501287 0.229377 0.212356 0.073806
0 0.285071 0.225760 0.225225 0.079595
0 0.691120 0.232271 0.218790 0.063675
0 0.888674 0.463459 0.217503 0.178727
0 0.548263 0.455500 0.182754 0.185962
0 0.728443 0.448263 0.187902 0.172938
0 0.247747 0.456585 0.209781 0.162084
0 0.391248 0.454413 0.157014 0.154848
0 0.058558 0.452967 0.117117 0.140377
0 0.053411 0.699711 0.106822 0.153401
0 0.205277 0.698263 0.214930 0.144718
0 0.370656 0.700072 0.167310 0.157019
0 0.560489 0.695730 0.227799 0.158465
0 0.861004 0.696817 0.138996 0.136035
0 0.732947 0.691389 0.227799 0.151230
0 0.808237 0.899059 0.193050 0.164254
0 0.621622 0.896165 0.180181 0.158465
0 0.470398 0.911361 0.173745 0.154124
0 0.279279 0.902315 0.167310 0.123011
0 0.114543 0.907381 0.216217 0.115774
