0 0.202702 0.169320 0.225225 0.196817
0 0.446589 0.174385 0.380952 0.217077
0 0.698198 0.174746 0.276705 0.213459
0 0.842343 0.193921 0.209781 0.183792
0 0.932432 0.199711 0.135135 0.195369
0 0.196912 0.499276 0.283141 0.124457
0 0.487774 0.490232 0.311454 0.184515
0 0.766409 0.494211 0.212356 0.157743
0 0.079794 0.731910 0.154440 0.209117
0 0.247105 0.733358 0.231661 0.214907
0 0.435006 0.727930 0.164737 0.192475
0 0.618404 0.730463 0.281854 0.212011
0 0.807594 0.729016 0.204633 0.200434
0 0.951094 0.734443 0.097812 0.198263
0 0.099743 0.933791 0.199485 0.132418
0 0.241313 0.967438 0.196912 0.065123
0 0.425997 0.956585 0.231661 0.086831
0 0.855856 0.947901 0.252252 0.104197
0 0.635778 0.915702 0.157014 0.094790
