0 0.083012 0.046309 0.166024 0.092619
0 0.351995 0.046310 0.307593 0.092620
0 0.543759 0.044139 0.227799 0.088277
0 0.806306 0.046309 0.202059 0.092619
0 0.954955 0.280029 0.090089 0.147612
0 0.760618 0.317294 0.231661 0.096238
0 0.552767 0.306079 0.199486 0.149060
0 0.118404 0.316571 0.236809 0.145442
0 0.342986 0.315847 0.230374 0.168596
0 0.099742 0.206946 0.199485 0.118669
0 0.139640 0.552822 0.253539 0.230101
0 0.320463 0.533285 0.195625 0.189580
0 0.509652 0.522793 0.167310 0.193199
0 0.680181 0.519175 0.209781 0.181621
0 0.816603 0.511940 0.132561 0.187410
0 0.941441 0.517727 0.117117 0.143994
0 0.884814 0.708032 0.181468 0.159913
0 0.721364 0.734443 0.202059 0.151954
0 0.333977 0.796672 0.238095 0.140377
0 0.160232 0.816571 0.209781 0.148336
0 0.107465 0.951519 0.171171 0.096961
0 0.307593 0.942475 0.259974 0.115050
0 0.631917 0.926194 0.226512 0.147611
0 0.763835 0.929812 0.148004 0.140376
0 0.940154 0.886035 0.119691 0.139653
