0 0.051480 0.094791 0.102959 0.146165
0 0.231016 0.094067 0.227799 0.172214
0 0.413128 0.087554 0.195625 0.169320
0 0.806950 0.090449 0.185328 0.163531
0 0.935650 0.082489 0.108108 0.141823
0 0.725869 0.298480 0.175032 0.125181
0 0.848134 0.285456 0.157014 0.132416
0 0.575289 0.308248 0.144145 0.130246
0 0.213642 0.324891 0.205920 0.128798
0 0.074646 0.342258 0.149292 0.138929
0 0.131274 0.562953 0.167310 0.153401
0 0.307594 0.538350 0.185328 0.146165
0 0.432433 0.522792 0.159588 0.120839
0 0.559845 0.511216 0.123552 0.139653
0 0.703990 0.491317 0.175032 0.138929
0 0.839768 0.483357 0.142857 0.123011
0 0.809524 0.653038 0.144145 0.119393
0 0.677607 0.664254 0.178894 0.136035
0 0.511583 0.692112 0.196912 0.143994
0 0.386743 0.714183 0.163450 0.138929
0 0.301802 0.732634 0.191763 0.135311
