0 0.873231 0.118307 0.204633 0.236614
0 0.660232 0.114327 0.149292 0.211288
0 0.531531 0.109986 0.141570 0.202604
0 0.409910 0.107453 0.114543 0.201882
0 0.305019 0.105644 0.120978 0.211288
0 0.175676 0.101303 0.124839 0.202605
0 0.057915 0.099132 0.115831 0.198263
0 0.040541 0.373371 0.081082 0.091172
0 0.197554 0.377713 0.124839 0.099855
0 0.342986 0.374095 0.119691 0.092620
0 0.485200 0.383141 0.095239 0.116498
0 0.595239 0.399783 0.114543 0.117945
0 0.886101 0.420043 0.227798 0.191751
0 0.918919 0.683429 0.162162 0.213459
0 0.530244 0.655210 0.285715 0.201882
0 0.277993 0.636396 0.334621 0.212011
0 0.095238 0.630608 0.190476 0.209117
0 0.136422 0.865051 0.247105 0.158465
0 0.353281 0.880607 0.310167 0.178003
0 0.647362 0.887481 0.244530 0.158465
