0 0.171815 0.203691 0.189189 0.174385
0 0.345560 0.202243 0.207207 0.177279
0 0.552767 0.190303 0.204633 0.183792
0 0.733591 0.192112 0.167310 0.175831
0 0.907979 0.198987 0.184042 0.159189
0 0.907979 0.481186 0.184041 0.150506
0 0.747104 0.491317 0.178894 0.149060
0 0.589446 0.489508 0.180181 0.119393
0 0.458817 0.494573 0.176319 0.123734
0 0.272844 0.511940 0.218790 0.128076
0 0.924711 0.705861 0.150579 0.119393
0 0.782497 0.729016 0.138996 0.067294
0 0.640926 0.708755 0.159588 0.115050
0 0.456242 0.710202 0.178894 0.141099
0 0.308880 0.724675 0.195625 0.132416
0 0.081081 0.735167 0.162162 0.138929
0 0.092665 0.896888 0.167310 0.110708
0 0.101029 0.961288 0.168597 0.077424
0 0.347490 0.873011 0.095239 0.083213
0 0.448520 0.922214 0.106821 0.057164
0 0.532818 0.861071 0.118404 0.089725
0 0.879665 0.864689 0.114543 0.088278
0 0.963320 0.849132 0.073359 0.089001
