0 0.301159 0.250000 0.308880 0.226484
0 0.555985 0.254703 0.231661 0.231549
0 0.785071 0.255789 0.280566 0.225036
0 0.954955 0.254703 0.090090 0.231549
0 0.281854 0.560781 0.193050 0.185238
0 0.474260 0.553907 0.209781 0.191751
0 0.671814 0.541606 0.167310 0.170044
0 0.903475 0.560781 0.193050 0.172214
0 0.325611 0.812590 0.226512 0.186686
0 0.480051 0.805716 0.167310 0.194645
0 0.774774 0.814761 0.198199 0.180897
0 0.636422 0.804631 0.186615 0.182344
0 0.934363 0.823082 0.131273 0.155571
0 0.349421 0.969971 0.225225 0.060058
