0 0.095959 0.095170 0.191918 0.190341
0 0.276936 0.096591 0.267676 0.193182
0 0.904882 0.103694 0.190235 0.207387
0 0.287878 0.328125 0.218855 0.165720
0 0.127104 0.333807 0.254208 0.152462
0 0.905724 0.332387 0.188553 0.170455
0 0.936027 0.539773 0.127945 0.149622
0 0.280304 0.556345 0.274411 0.139205
0 0.083334 0.558713 0.166667 0.140151
0 0.333333 0.749053 0.208755 0.140151
0 0.139731 0.758996 0.215489 0.144885
0 0.370371 0.937500 0.218855 0.125000
0 0.879629 0.917615 0.176767 0.136364
0 0.970539 0.901515 0.058923 0.140151
