0 0.061132 0.192475 0.122264 0.234443
0 0.147362 0.197178 0.173745 0.222142
0 0.294724 0.205137 0.133848 0.209117
0 0.373230 0.209841 0.157014 0.230101
0 0.493565 0.202967 0.191763 0.225036
0 0.657015 0.208394 0.109396 0.188134
0 0.775418 0.205861 0.117117 0.183068
0 0.904119 0.198626 0.160876 0.204776
0 0.113256 0.547757 0.157014 0.198263
0 0.216216 0.558973 0.151866 0.203328
0 0.338481 0.564761 0.131274 0.206224
0 0.436936 0.561143 0.140283 0.201882
0 0.572073 0.573082 0.150579 0.192475
0 0.706564 0.575253 0.175032 0.218524
0 0.613256 0.439580 0.292149 0.065847
0 0.841699 0.582127 0.180181 0.227930
0 0.938868 0.578872 0.119691 0.204052
0 0.117761 0.838640 0.129988 0.091172
0 0.264478 0.842981 0.114543 0.108538
0 0.431146 0.844428 0.162163 0.096961
0 0.575933 0.858176 0.142857 0.096961
0 0.734234 0.858176 0.124839 0.096961
0 0.873230 0.863241 0.122265 0.089725
