0 0.081081 0.140377 0.115830 0.244574
0 0.169884 0.134588 0.146719 0.241678
0 0.343629 0.136035 0.126126 0.209841
0 0.453668 0.137481 0.063063 0.198263
0 0.543759 0.128798 0.111970 0.204052
0 0.666666 0.117945 0.108108 0.150506
0 0.893179 0.150506 0.213642 0.232995
0 0.873231 0.506874 0.204633 0.238061
0 0.660232 0.503618 0.149292 0.211288
0 0.531531 0.499276 0.141570 0.202604
0 0.409910 0.496744 0.114543 0.201882
0 0.305019 0.493487 0.120978 0.214183
0 0.175676 0.488784 0.124839 0.206224
0 0.057915 0.487337 0.115831 0.200434
0 0.040541 0.762662 0.081082 0.091172
0 0.197554 0.767004 0.124839 0.099855
0 0.342986 0.763386 0.119691 0.092620
0 0.485200 0.772432 0.095239 0.116498
0 0.595239 0.789074 0.114543 0.117945
0 0.886101 0.809334 0.227798 0.191751
0 0.277993 0.959841 0.334621 0.080319
