0 0.058558 0.053184 0.117117 0.106367
0 0.213642 0.053184 0.177606 0.106367
0 0.350707 0.033646 0.137709 0.067293
0 0.543114 0.064038 0.151866 0.128075
0 0.664736 0.056802 0.220077 0.113603
0 0.789575 0.064038 0.189189 0.128076
0 0.922136 0.063314 0.153153 0.126629
0 0.941441 0.391823 0.114543 0.210564
0 0.819176 0.391100 0.199486 0.217801
0 0.691764 0.389653 0.150579 0.220694
0 0.420849 0.375904 0.167310 0.212011
0 0.283140 0.371925 0.172458 0.188134
0 0.191120 0.365051 0.137709 0.204776
0 0.055984 0.344066 0.111969 0.185962
0 0.045045 0.709117 0.090090 0.101303
0 0.126126 0.717077 0.136422 0.108538
0 0.269627 0.664254 0.114543 0.109986
0 0.382240 0.671490 0.115830 0.098408
0 0.479408 0.677279 0.145432 0.092620
0 0.650579 0.689580 0.142857 0.109986
0 0.815316 0.700434 0.155727 0.117221
0 0.692407 0.931621 0.277992 0.136758
0 0.487131 0.949349 0.225225 0.101303
0 0.287645 0.950072 0.204633 0.099855
0 0.152510 0.950072 0.184041 0.099855
