0 0.889318 0.074167 0.180181 0.148335
0 0.687258 0.066932 0.270270 0.133864
0 0.479407 0.068379 0.207207 0.136758
0 0.238095 0.068741 0.285715 0.137482
0 0.245174 0.323082 0.199486 0.172938
0 0.439511 0.319103 0.209781 0.164978
0 0.562420 0.308972 0.149292 0.150506
0 0.780566 0.311866 0.191763 0.170767
0 0.929858 0.302098 0.140283 0.164254
0 0.935006 0.531476 0.129988 0.123734
0 0.824325 0.527858 0.209781 0.128076
0 0.694981 0.530753 0.185328 0.152678
0 0.586229 0.529305 0.222651 0.167150
0 0.443371 0.540882 0.153153 0.167150
0 0.281210 0.755065 0.194337 0.155571
0 0.281854 0.558972 0.239382 0.172938
0 0.710425 0.744211 0.290862 0.152678
0 0.945945 0.744935 0.108109 0.130970
