0 0.106822 0.053184 0.177606 0.106367
0 0.235521 0.053184 0.154440 0.106367
0 0.409266 0.053184 0.177606 0.106367
0 0.546332 0.033646 0.137709 0.067293
0 0.738738 0.064038 0.151866 0.128075
0 0.860360 0.056802 0.220077 0.113603
0 0.957529 0.391100 0.084943 0.217801
0 0.887388 0.389653 0.150579 0.220694
0 0.616473 0.375904 0.167310 0.212011
0 0.478764 0.371925 0.172458 0.188134
0 0.386745 0.365051 0.137709 0.204776
0 0.236808 0.344066 0.141570 0.185962
0 0.131917 0.329233 0.142857 0.180897
0 0.052767 0.322358 0.105534 0.170044
0 0.028958 0.654848 0.057915 0.188134
0 0.097168 0.709479 0.106821 0.112156
0 0.215572 0.709117 0.140283 0.101303
0 0.321750 0.717077 0.136422 0.108538
0 0.465251 0.664254 0.114543 0.109986
0 0.577864 0.671490 0.115830 0.098408
0 0.675032 0.677279 0.145432 0.092620
0 0.846203 0.689580 0.142857 0.109986
0 0.966538 0.700434 0.066924 0.117221
0 0.874518 0.931621 0.250965 0.136758
0 0.682755 0.949349 0.225225 0.101303
0 0.483269 0.950072 0.204633 0.099855
0 0.348134 0.950072 0.184041 0.099855
0 0.138996 0.933429 0.257400 0.133141
