0 0.123552 0.174385 0.247104 0.217077
0 0.308237 0.174746 0.276705 0.213459
0 0.452382 0.193921 0.209781 0.183792
0 0.613256 0.199711 0.276705 0.195369
0 0.868083 0.181621 0.261261 0.206946
0 0.126770 0.490232 0.253539 0.184515
0 0.376448 0.494211 0.212356 0.157743
0 0.853925 0.504342 0.289575 0.147612
0 0.063707 0.727930 0.127414 0.192475
0 0.228442 0.730463 0.281854 0.212011
0 0.417633 0.729016 0.204633 0.200434
0 0.585586 0.734443 0.146719 0.198263
0 0.758044 0.763025 0.223938 0.167150
0 0.075933 0.956585 0.151866 0.086831
0 0.465895 0.947901 0.252252 0.104197
0 0.699485 0.933791 0.209781 0.132417
0 0.886745 0.937771 0.195625 0.124457
0 0.245817 0.915702 0.157014 0.094790
