0 0.218790 0.258683 0.280566 0.236614
0 0.475547 0.264833 0.212356 0.238784
0 0.697555 0.280029 0.241956 0.222866
0 0.897040 0.268090 0.205921 0.255427
0 0.905405 0.583213 0.189190 0.176555
0 0.727799 0.585746 0.212356 0.184515
0 0.554697 0.580319 0.244530 0.185238
0 0.382883 0.569103 0.235521 0.178727
0 0.163450 0.543054 0.190476 0.167150
0 0.125483 0.810058 0.209781 0.193199
0 0.279923 0.811505 0.184041 0.196093
0 0.425997 0.818017 0.229086 0.188856
0 0.607465 0.820912 0.149292 0.171491
0 0.747104 0.820912 0.194337 0.191751
0 0.884170 0.824530 0.231660 0.170044
