0 0.168597 0.224675 0.316603 0.226484
0 0.422136 0.255065 0.267697 0.201882
0 0.714285 0.239869 0.332046 0.229377
0 0.904119 0.271345 0.189189 0.166426
0 0.037323 0.240954 0.074646 0.179451
0 0.057271 0.554993 0.114542 0.183792
0 0.219434 0.550290 0.225225 0.197539
0 0.403474 0.560782 0.232948 0.195369
0 0.653153 0.582127 0.276705 0.177279
0 0.877091 0.595514 0.230374 0.169320
0 0.798585 0.905572 0.240669 0.178727
0 0.619691 0.895441 0.353926 0.174385
0 0.396397 0.882055 0.177606 0.153401
0 0.246460 0.888567 0.217503 0.131694
0 0.102317 0.866135 0.204634 0.128798
