0 0.038610 0.156295 0.077221 0.196817
0 0.120978 0.159914 0.151866 0.195369
0 0.253539 0.157742 0.157014 0.205500
0 0.503217 0.158466 0.157014 0.198263
0 0.606177 0.169682 0.151866 0.203328
0 0.728443 0.175470 0.131274 0.206224
0 0.826898 0.171852 0.140283 0.201882
0 0.943372 0.183792 0.113255 0.192475
0 0.928571 0.050289 0.142857 0.065847
0 0.148648 0.438133 0.101673 0.099131
0 0.245817 0.441027 0.087516 0.104921
0 0.355213 0.443560 0.090090 0.096961
0 0.507722 0.449349 0.129988 0.091172
0 0.654440 0.453691 0.114543 0.108538
0 0.821107 0.455137 0.162163 0.096961
0 0.947233 0.468885 0.105535 0.096961
0 0.854569 0.744211 0.290863 0.206224
0 0.623552 0.724675 0.297297 0.200434
0 0.406049 0.732634 0.243243 0.174385
0 0.231017 0.736614 0.142857 0.154848
0 0.074003 0.729016 0.148004 0.151230
0 0.176319 0.930535 0.321750 0.137481
0 0.445302 0.939580 0.249679 0.119393
0 0.688545 0.945369 0.267697 0.107815
0 0.899614 0.947178 0.200772 0.104197
