0 0.935185 0.070076 0.129629 0.140153
0 0.794613 0.082386 0.272727 0.164772
0 0.568182 0.088542 0.234007 0.177084
0 0.361953 0.077652 0.235691 0.155304
0 0.191078 0.083807 0.230640 0.161933
0 0.045454 0.106535 0.090908 0.167615
0 0.957070 0.352273 0.085859 0.132576
0 0.821549 0.360322 0.239056 0.156251
0 0.614478 0.390625 0.181818 0.088069
0 0.429293 0.364109 0.208755 0.150567
0 0.187711 0.366004 0.234007 0.184658
0 0.061448 0.384944 0.122895 0.173295
0 0.053872 0.579073 0.107745 0.108902
0 0.177609 0.643465 0.139731 0.074811
0 0.287878 0.563447 0.154882 0.117424
0 0.741582 0.568182 0.149831 0.115531
0 0.865320 0.547822 0.124580 0.116476
