0 0.095882 0.094790 0.191764 0.189580
0 0.307594 0.098408 0.241956 0.196817
0 0.564350 0.100579 0.320464 0.201158
0 0.807593 0.098408 0.227799 0.196816
0 0.727156 0.388929 0.169884 0.191751
0 0.528314 0.388568 0.214930 0.176555
0 0.337838 0.391100 0.212356 0.184515
0 0.164736 0.385674 0.244530 0.185238
0 0.055341 0.374458 0.110682 0.178727
0 0.075289 0.623372 0.150579 0.188856
0 0.217503 0.626267 0.149292 0.171491
0 0.357143 0.626267 0.194337 0.191751
0 0.767052 0.621563 0.326898 0.173661
0 0.516088 0.629885 0.275418 0.170044
0 0.055341 0.845152 0.110682 0.198263
0 0.297297 0.888929 0.267697 0.143994
0 0.522522 0.857453 0.221364 0.186686
0 0.695625 0.849131 0.220077 0.171491
