0 0.095882 0.264833 0.191764 0.238784
0 0.307594 0.280029 0.241956 0.222866
0 0.564350 0.268090 0.320464 0.255427
0 0.807593 0.277858 0.227799 0.227207
0 0.727156 0.583574 0.169884 0.191751
0 0.528314 0.583213 0.214930 0.176555
0 0.337838 0.585746 0.212356 0.184515
0 0.164736 0.580319 0.244530 0.185238
0 0.055341 0.569103 0.110682 0.178727
0 0.075289 0.818017 0.150579 0.188856
0 0.217503 0.820912 0.149292 0.171491
0 0.357143 0.820912 0.194337 0.191751
0 0.767052 0.816208 0.326898 0.173661
0 0.516088 0.824530 0.275418 0.170044
