0 0.137709 0.039074 0.275418 0.078147
0 0.425997 0.053907 0.311454 0.107815
0 0.712999 0.052460 0.311454 0.104920
0 0.895109 0.051013 0.209782 0.102026
0 0.189833 0.313675 0.212356 0.190304
0 0.622908 0.320912 0.200772 0.197539
0 0.419563 0.324530 0.247105 0.219247
0 0.790862 0.314762 0.274131 0.214183
0 0.179537 0.600216 0.217503 0.204776
0 0.395753 0.602388 0.220077 0.185962
0 0.587516 0.608177 0.199486 0.200434
0 0.850064 0.619393 0.240669 0.205500
0 0.353282 0.841896 0.294723 0.159913
0 0.524453 0.859986 0.225225 0.155571
0 0.701416 0.876266 0.244530 0.191027
0 0.900257 0.873733 0.199486 0.200434
