0 0.685328 0.041968 0.395109 0.083937
0 0.492277 0.291968 0.253539 0.210564
0 0.735521 0.295224 0.217503 0.217077
0 0.922780 0.297033 0.154440 0.220694
0 0.465251 0.590811 0.207207 0.191751
0 0.637065 0.589363 0.187902 0.191751
0 0.805019 0.583213 0.158301 0.179451
0 0.136422 0.583937 0.272844 0.193921
0 0.045689 0.826700 0.091377 0.187410
0 0.198841 0.832850 0.204633 0.183792
0 0.444659 0.841172 0.217503 0.185962
0 0.755469 0.842620 0.151866 0.183068
0 0.912484 0.852025 0.167310 0.180174
0 0.059202 0.292330 0.118404 0.199711
