0 0.089447 0.130607 0.178894 0.194645
0 0.341055 0.136758 0.241956 0.182344
0 0.543114 0.153763 0.146719 0.165702
0 0.697554 0.150869 0.198199 0.171491
0 0.870656 0.165702 0.163450 0.162084
0 0.884170 0.427279 0.229086 0.212011
0 0.672458 0.445007 0.243243 0.179451
0 0.499357 0.431982 0.180181 0.211288
0 0.297297 0.425470 0.270270 0.195369
0 0.096525 0.429088 0.193050 0.193921
0 0.077220 0.708394 0.154441 0.164978
0 0.172459 0.698263 0.149292 0.150506
0 0.390605 0.701157 0.191763 0.170767
0 0.564350 0.691389 0.189189 0.164254
0 0.715572 0.689580 0.151866 0.147612
0 0.876448 0.684877 0.164737 0.138205
0 0.812098 0.894356 0.234235 0.121563
0 0.712999 0.905211 0.162163 0.134588
0 0.577220 0.920766 0.194337 0.123734
0 0.434364 0.917149 0.209781 0.128076
0 0.305019 0.920044 0.185328 0.152678
0 0.196267 0.917511 0.222651 0.164979
0 0.064993 0.923299 0.129986 0.153402
