0 0.712355 0.194645 0.333334 0.192475
0 0.206564 0.193560 0.287001 0.201882
0 0.939511 0.230825 0.120977 0.102749
0 0.485843 0.195008 0.240669 0.168596
0 0.231661 0.485891 0.234235 0.185962
0 0.469756 0.482634 0.262548 0.186686
0 0.675676 0.495659 0.203346 0.189580
0 0.902188 0.496383 0.195624 0.185238
0 0.248392 0.770984 0.252252 0.184515
0 0.453668 0.775687 0.235521 0.140377
0 0.653153 0.771345 0.214930 0.175109
0 0.859074 0.769899 0.238095 0.178003
0 0.916988 0.962735 0.166024 0.074529
0 0.751609 0.958394 0.254826 0.083213
0 0.609395 0.949348 0.166023 0.101303
0 0.414414 0.955500 0.267697 0.089001
0 0.252895 0.965630 0.217503 0.068741
