0 0.919562 0.122649 0.160875 0.096238
0 0.747104 0.111433 0.199486 0.149060
0 0.286358 0.121925 0.289575 0.145442
0 0.537323 0.121201 0.230374 0.168596
0 0.270913 0.035817 0.245817 0.071635
0 0.093952 0.130969 0.187902 0.140377
0 0.137709 0.361071 0.275418 0.206946
0 0.333977 0.358177 0.253539 0.230101
0 0.514800 0.338639 0.195625 0.189580
0 0.703989 0.328147 0.167310 0.193199
0 0.874518 0.324530 0.209781 0.181621
0 0.972330 0.317294 0.055341 0.187410
0 0.907336 0.539797 0.185328 0.151954
0 0.528315 0.602027 0.238095 0.140377
0 0.354569 0.621925 0.209781 0.148336
0 0.138996 0.603835 0.236808 0.203328
0 0.143501 0.846237 0.212356 0.204776
0 0.301802 0.808249 0.171171 0.199711
0 0.501930 0.777497 0.259974 0.174385
0 0.826254 0.756513 0.226512 0.197539
0 0.942085 0.740956 0.115830 0.151954
