0 0.763835 0.099131 0.238095 0.198263
0 0.521879 0.090811 0.227799 0.181621
0 0.281854 0.098770 0.236808 0.197539
0 0.072716 0.105644 0.145432 0.172214
0 0.036036 0.398336 0.072072 0.174385
0 0.151222 0.396888 0.207207 0.177279
0 0.358430 0.384949 0.204633 0.183792
0 0.539254 0.386758 0.167310 0.175831
0 0.752895 0.393632 0.262548 0.159189
0 0.936937 0.394718 0.126126 0.139653
0 0.884170 0.668235 0.200772 0.128076
0 0.725869 0.675832 0.208494 0.150506
0 0.552767 0.685962 0.178894 0.149060
0 0.395109 0.684154 0.180181 0.119393
0 0.264479 0.689219 0.176319 0.123734
0 0.093951 0.706585 0.187901 0.128076
0 0.879665 0.894356 0.124839 0.101303
0 0.746461 0.900506 0.182754 0.119393
0 0.588160 0.923662 0.138996 0.067294
0 0.446589 0.903400 0.159588 0.115050
0 0.261905 0.904848 0.178894 0.141099
0 0.114543 0.919320 0.195625 0.132416
