0 0.916345 0.054631 0.151866 0.109263
0 0.779923 0.051013 0.203346 0.102026
0 0.599742 0.047395 0.169884 0.094790
0 0.419563 0.049928 0.252252 0.099855
0 0.195625 0.049928 0.244530 0.099856
0 0.059846 0.277497 0.119692 0.187410
0 0.215572 0.289436 0.166023 0.146165
0 0.426641 0.288712 0.227799 0.172214
0 0.608752 0.282199 0.195625 0.169320
0 0.954955 0.285095 0.090090 0.163531
0 0.916989 0.493126 0.166023 0.125181
0 0.770913 0.502894 0.144145 0.130246
0 0.409266 0.519536 0.205920 0.128798
0 0.075289 0.544139 0.150579 0.153401
0 0.236808 0.536904 0.216217 0.138929
0 0.151866 0.751809 0.208494 0.159189
0 0.326898 0.757598 0.167310 0.153401
0 0.503218 0.732995 0.185328 0.146165
0 0.628057 0.717438 0.159588 0.120839
0 0.755469 0.705861 0.123552 0.139653
0 0.899614 0.685962 0.175032 0.138929
0 0.966538 0.847684 0.066924 0.119393
0 0.873231 0.858900 0.178894 0.136035
0 0.707207 0.886758 0.196912 0.143994
0 0.582368 0.908828 0.163450 0.138929
0 0.497426 0.927279 0.191763 0.135311
0 0.108108 0.943921 0.216216 0.112157
