0 0.528314 0.061866 0.111970 0.123733
0 0.655727 0.064038 0.158301 0.128076
0 0.780567 0.068017 0.168597 0.136034
0 0.138996 0.048842 0.277993 0.097685
0 0.923423 0.065123 0.150579 0.130246
0 0.329473 0.060420 0.211068 0.120840
0 0.126770 0.357453 0.253540 0.191027
0 0.292793 0.364327 0.209781 0.175831
0 0.532819 0.344429 0.133848 0.167872
0 0.628700 0.354559 0.122265 0.175109
0 0.739382 0.345152 0.155727 0.176555
0 0.870656 0.345514 0.153153 0.165702
0 0.936294 0.750000 0.124839 0.100579
0 0.810167 0.744935 0.132561 0.097684
0 0.687902 0.739508 0.122265 0.099855
0 0.599743 0.687047 0.149292 0.193199
0 0.505791 0.670767 0.146719 0.206946
0 0.256757 0.684877 0.250966 0.148336
0 0.101673 0.653401 0.203346 0.159189
0 0.099743 0.930174 0.191763 0.139652
0 0.270270 0.938133 0.200772 0.123733
0 0.488416 0.952967 0.186615 0.094067
0 0.706564 0.962373 0.221364 0.075253
0 0.906692 0.964182 0.184041 0.071636
