0 0.021236 0.111071 0.042471 0.217801
0 0.093951 0.118307 0.157014 0.236614
0 0.229087 0.121924 0.108108 0.212011
0 0.421494 0.128076 0.122265 0.192475
0 0.502574 0.134949 0.140283 0.206224
0 0.637065 0.134949 0.123552 0.217801
0 0.737451 0.130607 0.074646 0.197539
0 0.785071 0.153039 0.064350 0.200434
0 0.860360 0.143994 0.109396 0.185238
0 0.965251 0.113604 0.069498 0.133140
0 0.035393 0.438134 0.070785 0.158465
0 0.138996 0.431982 0.118404 0.140377
0 0.254182 0.453328 0.117117 0.193199
0 0.365509 0.456585 0.120978 0.192475
0 0.475546 0.460203 0.119691 0.199711
0 0.593952 0.448626 0.073359 0.185238
0 0.677606 0.450072 0.114543 0.182344
0 0.777349 0.451881 0.105534 0.181621
0 0.876447 0.454413 0.102960 0.176555
0 0.961390 0.446817 0.077220 0.161361
0 0.892535 0.335746 0.214929 0.049205
0 0.974903 0.681982 0.050193 0.090448
0 0.911196 0.691028 0.066924 0.082489
0 0.796010 0.691028 0.132561 0.088278
0 0.667310 0.698626 0.096524 0.081765
0 0.543115 0.708031 0.090090 0.091896
0 0.451738 0.709479 0.102960 0.083213
0 0.368726 0.713097 0.122265 0.075978
0 0.268983 0.775326 0.108108 0.083213
0 0.162161 0.775687 0.097812 0.082489
0 0.057915 0.797757 0.115831 0.107815
0 0.106821 0.972865 0.213642 0.054269
0 0.280567 0.954414 0.175032 0.091172
0 0.409266 0.956946 0.193050 0.086107
0 0.535393 0.939942 0.169884 0.120116
0 0.701415 0.916426 0.198199 0.167149
0 0.912484 0.910275 0.175032 0.179449
