0 0.761262 0.036179 0.341055 0.072358
0 0.677607 0.312229 0.204633 0.238061
0 0.926641 0.293776 0.144145 0.224312
0 0.464608 0.308973 0.149292 0.211288
0 0.335907 0.304631 0.141570 0.202604
0 0.214285 0.302098 0.114543 0.201882
0 0.109395 0.298842 0.120978 0.214183
0 0.021236 0.294139 0.042472 0.206224
0 0.032175 0.572358 0.064350 0.099855
0 0.147362 0.568741 0.119691 0.092620
0 0.289575 0.577786 0.095239 0.116498
0 0.399615 0.594429 0.114543 0.117945
0 0.694338 0.614689 0.235521 0.191751
0 0.899614 0.630246 0.198199 0.163531
0 0.769626 0.878075 0.254826 0.213459
0 0.334620 0.849855 0.285715 0.201882
0 0.124839 0.831042 0.249679 0.212011
