0 0.910775 0.173295 0.178451 0.234849
0 0.754209 0.156249 0.235691 0.276515
0 0.489898 0.147727 0.353535 0.255682
0 0.218013 0.152462 0.271044 0.253787
0 0.165825 0.517993 0.274411 0.215909
0 0.326600 0.504735 0.195285 0.196969
0 0.611953 0.508522 0.250842 0.223485
0 0.839225 0.495738 0.247475 0.214962
0 0.968855 0.493371 0.062290 0.193182
0 0.963805 0.775569 0.072390 0.176136
0 0.856060 0.795927 0.254209 0.161933
0 0.669193 0.791193 0.274411 0.167615
0 0.500000 0.794982 0.242424 0.199811
0 0.357744 0.793087 0.291245 0.218751
0 0.170875 0.808238 0.200336 0.218751
0 0.058081 0.831913 0.116162 0.226325
