0 0.308237 0.043415 0.276705 0.086830
0 0.452382 0.045586 0.209781 0.091172
0 0.613256 0.051375 0.276705 0.102750
0 0.868083 0.045224 0.261261 0.090448
0 0.126770 0.295587 0.253539 0.184515
0 0.376448 0.299566 0.212356 0.157743
0 0.853925 0.309696 0.289575 0.147612
0 0.063707 0.533285 0.127414 0.192475
0 0.228442 0.535817 0.281854 0.212011
0 0.417633 0.534371 0.204633 0.200434
0 0.585586 0.539798 0.146719 0.198263
0 0.758044 0.568380 0.223938 0.167150
0 0.075933 0.788350 0.151866 0.139653
0 0.465895 0.784732 0.252252 0.167150
0 0.699485 0.768451 0.209781 0.191027
0 0.813385 0.946455 0.187902 0.107090
0 0.886745 0.771708 0.195625 0.181621
0 0.428572 0.944646 0.213643 0.110709
0 0.076576 0.948987 0.153153 0.102027
0 0.534749 0.946816 0.145432 0.106367
0 0.245817 0.721057 0.157014 0.094790
