0 0.095881 0.053907 0.191762 0.107815
0 0.323037 0.052460 0.311454 0.104920
0 0.575933 0.051013 0.351352 0.102026
0 0.232947 0.320912 0.200772 0.197539
0 0.076577 0.324530 0.153154 0.219247
0 0.400900 0.314762 0.274131 0.214183
0 0.657015 0.321997 0.225225 0.238784
0 0.859073 0.320188 0.279279 0.216353
0 0.057915 0.602388 0.115830 0.185962
0 0.197554 0.608177 0.199486 0.200434
0 0.460103 0.619393 0.240669 0.205500
0 0.659589 0.625904 0.173745 0.209841
0 0.055341 0.841896 0.110683 0.159913
0 0.865509 0.628437 0.227799 0.204776
0 0.134492 0.859986 0.225225 0.155571
0 0.311455 0.876266 0.244530 0.191027
0 0.544401 0.873733 0.267697 0.200434
0 0.764479 0.889653 0.267697 0.193199
