0 0.057916 0.129522 0.108108 0.228654
0 0.167310 0.143994 0.131274 0.219971
0 0.275418 0.140377 0.115830 0.244574
0 0.364221 0.134588 0.146719 0.241678
0 0.537966 0.136035 0.126126 0.209841
0 0.648006 0.137481 0.063063 0.198263
0 0.738096 0.128798 0.111970 0.204052
0 0.861003 0.117945 0.108108 0.150506
0 0.854569 0.503618 0.149292 0.211288
0 0.725868 0.499276 0.141570 0.202604
0 0.604247 0.496744 0.114543 0.201882
0 0.499356 0.493487 0.120978 0.214183
0 0.370013 0.488784 0.124839 0.206224
0 0.249035 0.487337 0.122265 0.200434
0 0.142214 0.478293 0.109396 0.199711
0 0.043758 0.478293 0.087515 0.208394
0 0.099099 0.756875 0.115830 0.102749
0 0.229086 0.762662 0.092665 0.091172
0 0.391891 0.767004 0.124839 0.099855
0 0.537323 0.763386 0.119691 0.092620
0 0.679537 0.772432 0.095239 0.116498
0 0.789576 0.789074 0.114543 0.117945
0 0.472330 0.959841 0.334621 0.080319
0 0.242600 0.957670 0.284428 0.084659
