0 0.087516 0.048481 0.175032 0.096962
0 0.183397 0.051374 0.220077 0.102749
0 0.331403 0.049204 0.238095 0.098408
0 0.566280 0.044863 0.252252 0.089725
0 0.727799 0.049204 0.204633 0.098409
0 0.905406 0.044139 0.189189 0.088278
0 0.185328 0.273155 0.290862 0.133864
0 0.603604 0.269537 0.254826 0.168596
0 0.911196 0.275688 0.172458 0.167872
0 0.054054 0.502894 0.108109 0.191027
0 0.206564 0.499276 0.232948 0.192475
0 0.362934 0.503980 0.164737 0.165702
0 0.518018 0.518090 0.184041 0.149060
0 0.673745 0.518090 0.196912 0.146165
0 0.882239 0.522431 0.220077 0.146165
0 0.256113 0.714544 0.221364 0.159913
0 0.477477 0.714183 0.175032 0.175109
0 0.931789 0.726121 0.136423 0.151230
0 0.665380 0.711650 0.164737 0.170044
0 0.247105 0.921852 0.216217 0.156296
0 0.377735 0.909913 0.135135 0.168596
0 0.633204 0.906657 0.175032 0.150506
0 0.884814 0.924385 0.220077 0.151230
