0 0.400257 0.130607 0.337195 0.194645
0 0.731017 0.136758 0.241956 0.182344
0 0.929858 0.153763 0.140284 0.165702
0 0.889318 0.431982 0.180181 0.211288
0 0.687258 0.425470 0.270270 0.195369
0 0.479407 0.429088 0.207207 0.193921
0 0.238095 0.426918 0.285715 0.199711
0 0.245174 0.712373 0.199486 0.172938
0 0.439511 0.708394 0.209781 0.164978
0 0.562420 0.698263 0.149292 0.150506
0 0.780566 0.701157 0.191763 0.170767
0 0.929858 0.691389 0.140283 0.164254
0 0.935006 0.920766 0.129988 0.123734
0 0.824325 0.917149 0.209781 0.128076
0 0.694981 0.920044 0.185328 0.152678
0 0.586229 0.917511 0.222651 0.164979
0 0.443371 0.923299 0.153153 0.153402
0 0.281854 0.930897 0.239382 0.138205
