0 0.082368 0.091172 0.164736 0.182345
0 0.281210 0.094790 0.212356 0.189580
0 0.503218 0.098408 0.241956 0.196817
0 0.759974 0.100579 0.320464 0.201158
0 0.944659 0.098408 0.110682 0.196816
0 0.918919 0.388929 0.162162 0.191751
0 0.723938 0.388568 0.214930 0.176555
0 0.533462 0.391100 0.212356 0.184515
0 0.360360 0.385674 0.244530 0.185238
0 0.188546 0.374458 0.235521 0.178727
0 0.032175 0.348409 0.064351 0.167150
0 0.088803 0.616860 0.177606 0.196093
0 0.231660 0.623372 0.229086 0.188856
0 0.413127 0.626267 0.149292 0.171491
0 0.552767 0.626267 0.194337 0.191751
0 0.899614 0.621563 0.200773 0.173661
0 0.711712 0.629885 0.275418 0.170044
0 0.153153 0.845152 0.306306 0.198263
0 0.492921 0.888929 0.267697 0.143994
0 0.718146 0.857453 0.221364 0.186686
0 0.890605 0.849131 0.218789 0.171491
