0 0.104891 0.030029 0.209781 0.060058
0 0.299872 0.032562 0.257400 0.065123
0 0.543115 0.036180 0.252252 0.072360
0 0.776705 0.037264 0.289575 0.074529
0 0.120978 0.271708 0.241956 0.197539
0 0.338482 0.295587 0.193050 0.178727
0 0.564993 0.282923 0.290862 0.166426
0 0.814672 0.297033 0.280566 0.200434
0 0.142214 0.560420 0.225225 0.164254
0 0.363578 0.561505 0.227799 0.154848
0 0.564993 0.562952 0.211068 0.151954
0 0.848777 0.553546 0.168597 0.156295
0 0.951094 0.557888 0.097812 0.162084
0 0.295367 0.785817 0.196912 0.179451
0 0.469112 0.808610 0.230374 0.177279
0 0.682111 0.803546 0.218790 0.146888
0 0.857143 0.802460 0.195625 0.162084
0 0.971043 0.801375 0.057914 0.164254
0 0.227156 0.962735 0.256113 0.074530
0 0.510940 0.963458 0.146719 0.073083
0 0.673745 0.977569 0.178894 0.044863
0 0.815315 0.973951 0.127414 0.052099
