0 0.079150 0.070550 0.158301 0.141101
0 0.469756 0.079595 0.285715 0.159190
0 0.669884 0.071274 0.214930 0.142547
0 0.839124 0.066932 0.185328 0.133865
0 0.898971 0.311866 0.199486 0.173661
0 0.743244 0.319827 0.222651 0.141823
0 0.590091 0.322359 0.248392 0.175831
0 0.399615 0.330319 0.263836 0.183068
0 0.193050 0.331404 0.314028 0.193921
0 0.053411 0.352388 0.106822 0.183792
0 0.215573 0.569464 0.222651 0.151954
0 0.413128 0.568740 0.187902 0.130246
0 0.620335 0.572721 0.177606 0.161361
0 0.810811 0.551737 0.213643 0.178727
0 0.572716 0.753618 0.236808 0.117945
0 0.843629 0.746382 0.184041 0.093342
