0 0.115186 0.151592 0.184041 0.175831
0 0.318533 0.153401 0.281854 0.196817
0 0.490348 0.158466 0.234235 0.196817
0 0.728443 0.184515 0.262548 0.173661
0 0.918276 0.192836 0.163449 0.177279
0 0.871300 0.501085 0.257401 0.161361
0 0.698842 0.501809 0.241956 0.168596
0 0.505792 0.482996 0.193050 0.152678
0 0.347490 0.485166 0.195625 0.117945
0 0.223938 0.465630 0.223938 0.136758
0 0.082368 0.456584 0.159588 0.138929
0 0.722007 0.759044 0.198199 0.157743
0 0.886744 0.766281 0.175032 0.154848
0 0.533462 0.768814 0.212356 0.089001
0 0.384170 0.726845 0.217503 0.120839
0 0.180181 0.725398 0.164737 0.129522
0 0.064993 0.705137 0.104247 0.119393
0 0.079150 0.862880 0.096524 0.091896
0 0.276705 0.885311 0.141570 0.104921
0 0.631275 0.929088 0.127414 0.104197
0 0.746461 0.933068 0.159588 0.117945
