0 0.061132 0.111795 0.122264 0.223590
0 0.172458 0.111071 0.128701 0.217801
0 0.288288 0.118307 0.157014 0.236614
0 0.423424 0.121924 0.108108 0.212011
0 0.615831 0.128076 0.122265 0.192475
0 0.696911 0.134949 0.140283 0.206224
0 0.831403 0.134949 0.123552 0.217801
0 0.931788 0.130607 0.074646 0.197539
0 0.973617 0.153039 0.052766 0.200434
0 0.032818 0.429812 0.065637 0.138929
0 0.104891 0.437047 0.099099 0.159189
0 0.209781 0.438134 0.110683 0.158465
0 0.333334 0.431982 0.118404 0.140377
0 0.448520 0.453328 0.117117 0.193199
0 0.559846 0.456585 0.120978 0.192475
0 0.669884 0.460203 0.119691 0.199711
0 0.788289 0.448626 0.073359 0.185238
0 0.871944 0.450072 0.114543 0.182344
0 0.959459 0.451881 0.081081 0.181621
0 0.962034 0.691028 0.075933 0.088278
0 0.861647 0.698626 0.096524 0.081765
0 0.737452 0.708031 0.090090 0.091896
0 0.646075 0.709479 0.102960 0.083213
0 0.563064 0.713097 0.122265 0.075978
0 0.463320 0.775326 0.108108 0.083213
0 0.356499 0.775687 0.097812 0.082489
0 0.246461 0.797757 0.127414 0.107815
0 0.128701 0.764110 0.118404 0.192475
0 0.041185 0.750724 0.082368 0.180174
0 0.102316 0.974313 0.199486 0.051374
0 0.290862 0.972865 0.234235 0.054269
0 0.474904 0.954414 0.175032 0.091172
0 0.603603 0.956946 0.193050 0.086107
0 0.729730 0.939942 0.169884 0.120116
0 0.895752 0.916426 0.198199 0.167149
