0 0.057271 0.165702 0.114542 0.183792
0 0.219434 0.160999 0.225225 0.197539
0 0.403474 0.171491 0.232948 0.195369
0 0.653153 0.192836 0.276705 0.177279
0 0.877091 0.206223 0.230374 0.169320
0 0.798585 0.516281 0.240669 0.178727
0 0.619691 0.506150 0.353926 0.174385
0 0.396397 0.492764 0.177606 0.153401
0 0.246460 0.499276 0.217503 0.131694
0 0.102317 0.476844 0.204634 0.128798
0 0.082368 0.730464 0.164737 0.122287
0 0.258044 0.752533 0.217503 0.138929
0 0.433720 0.781476 0.187902 0.083937
0 0.611325 0.773155 0.180181 0.138205
0 0.785714 0.787989 0.191763 0.149060
0 0.647361 0.947902 0.113255 0.102749
0 0.512226 0.942475 0.128701 0.102027
0 0.135135 0.901592 0.141570 0.111432
0 0.045045 0.938857 0.090090 0.081765
