0 0.489703 0.041968 0.395109 0.083937
0 0.858430 0.043777 0.272844 0.087554
0 0.296653 0.291968 0.253539 0.210564
0 0.539896 0.295224 0.217503 0.217077
0 0.793436 0.297033 0.287001 0.220694
0 0.269627 0.590811 0.207207 0.191751
0 0.441441 0.589363 0.187902 0.191751
0 0.866796 0.603112 0.194337 0.175831
0 0.609394 0.583213 0.158301 0.179451
0 0.052767 0.832850 0.105533 0.183792
0 0.249034 0.841172 0.217503 0.185962
0 0.559845 0.842620 0.151866 0.183068
0 0.716859 0.852025 0.167310 0.180174
0 0.890604 0.869030 0.213643 0.125904
