0 0.145431 0.149421 0.275418 0.185962
0 0.346847 0.164978 0.191763 0.163531
0 0.528957 0.156656 0.247105 0.197539
0 0.700772 0.170767 0.173745 0.170767
0 0.888031 0.170767 0.223938 0.166426
0 0.935006 0.432706 0.129987 0.180897
0 0.752253 0.422576 0.287001 0.199711
0 0.532175 0.446093 0.268984 0.177279
0 0.347491 0.445007 0.211068 0.201158
0 0.142857 0.444645 0.285714 0.196093
0 0.884814 0.688856 0.140283 0.149060
0 0.758044 0.689580 0.169884 0.144718
0 0.590734 0.707309 0.180181 0.159913
0 0.431789 0.708755 0.207207 0.162808
0 0.279923 0.719247 0.204633 0.162084
0 0.072072 0.716353 0.144145 0.144718
0 0.068855 0.936686 0.137709 0.126628
0 0.193694 0.937771 0.163450 0.124457
0 0.334621 0.934516 0.167310 0.130969
0 0.490348 0.930898 0.169884 0.138205
0 0.620334 0.928003 0.120978 0.129522
0 0.746461 0.908828 0.136422 0.150506
0 0.918919 0.888567 0.162162 0.149060
