0 0.853535 0.094696 0.188553 0.170455
0 0.380471 0.116476 0.269360 0.168560
0 0.154882 0.139205 0.282829 0.181818
0 0.090067 0.420455 0.180135 0.208333
0 0.272727 0.428031 0.218855 0.200758
0 0.503367 0.395833 0.242424 0.191287
0 0.666667 0.375473 0.208755 0.158144
0 0.833333 0.360322 0.161616 0.182765
0 0.953704 0.334280 0.092593 0.181818
0 0.935185 0.560605 0.129629 0.178031
0 0.770202 0.597064 0.257576 0.188447
0 0.606902 0.625947 0.213805 0.181818
0 0.495791 0.650095 0.250842 0.177084
0 0.063973 0.716382 0.127946 0.235796
