0 0.043758 0.149421 0.087515 0.185962
0 0.151223 0.164978 0.191763 0.163531
0 0.333333 0.156656 0.247105 0.197539
0 0.505147 0.170767 0.173745 0.170767
0 0.701415 0.170767 0.241956 0.166426
0 0.748391 0.432706 0.148004 0.180897
0 0.556629 0.422576 0.287001 0.199711
0 0.336551 0.446093 0.268984 0.177279
0 0.151866 0.445007 0.211068 0.201158
0 0.045045 0.444645 0.090090 0.196093
0 0.928571 0.461650 0.127414 0.109986
0 0.924066 0.654487 0.149292 0.174385
0 0.689189 0.688856 0.140283 0.149060
0 0.562419 0.689580 0.169884 0.144718
0 0.395110 0.707309 0.180181 0.159913
0 0.236165 0.708755 0.207207 0.162808
0 0.093308 0.719247 0.186615 0.162084
0 0.039897 0.937771 0.079795 0.124457
0 0.138997 0.934516 0.167310 0.130969
0 0.294724 0.930898 0.169884 0.138205
0 0.424710 0.928003 0.120978 0.129522
0 0.550837 0.908828 0.136422 0.150506
0 0.763192 0.888567 0.241956 0.149060
0 0.897684 0.860348 0.202059 0.157743
