0 0.034749 0.189218 0.069497 0.148336
0 0.134492 0.191751 0.204633 0.147612
0 0.904119 0.191751 0.189189 0.143271
0 0.638353 0.195008 0.193050 0.162808
0 0.142857 0.368669 0.167310 0.126628
0 0.058558 0.373010 0.117117 0.116498
0 0.644787 0.371925 0.203346 0.130246
0 0.819176 0.364327 0.168597 0.122287
0 0.782497 0.520984 0.205920 0.109986
0 0.658945 0.530391 0.138996 0.114328
0 0.137066 0.543054 0.209781 0.106368
0 0.177606 0.690304 0.159588 0.107091
0 0.055985 0.697902 0.111970 0.110708
0 0.205921 0.837555 0.167310 0.102027
0 0.595238 0.819103 0.135135 0.104197
0 0.698841 0.806801 0.113255 0.107091
0 0.814672 0.796672 0.169884 0.102749
0 0.205921 0.967439 0.187902 0.065123
