0 0.162805 0.034370 0.204633 0.068741
0 0.330116 0.035456 0.204633 0.070912
0 0.833977 0.040883 0.193050 0.081766
0 0.338481 0.174024 0.167310 0.126628
0 0.201415 0.178365 0.222651 0.116498
0 0.840411 0.177280 0.203346 0.130246
0 0.965251 0.169682 0.069498 0.122287
0 0.937581 0.326338 0.124838 0.109986
0 0.854569 0.335745 0.138996 0.114328
0 0.332690 0.348409 0.209781 0.106368
0 0.157014 0.350218 0.177606 0.107091
0 0.055341 0.173661 0.110683 0.123011
0 0.373230 0.495658 0.159588 0.107091
0 0.225225 0.503256 0.164737 0.110708
0 0.088160 0.655571 0.124839 0.091172
0 0.401545 0.642909 0.167310 0.102027
0 0.790862 0.624458 0.135135 0.104197
0 0.894465 0.612156 0.113255 0.107091
0 0.962677 0.602027 0.074645 0.102749
0 0.401545 0.784732 0.187902 0.089001
