0 0.112613 0.109986 0.225226 0.219971
0 0.472329 0.114689 0.326898 0.209117
0 0.889317 0.109986 0.218790 0.219971
0 0.166023 0.449348 0.231661 0.231549
0 0.395110 0.450435 0.280566 0.225036
0 0.640284 0.449348 0.240669 0.231549
0 0.862291 0.462374 0.267697 0.208394
0 0.094595 0.748553 0.189190 0.191751
0 0.281853 0.736252 0.167310 0.170044
0 0.710425 0.756151 0.169884 0.173661
0 0.519305 0.755427 0.204633 0.172214
0 0.902188 0.759768 0.193050 0.176555
0 0.090090 0.951520 0.167310 0.096961
0 0.384813 0.959479 0.198199 0.081042
0 0.246460 0.954052 0.186615 0.091896
0 0.572716 0.969971 0.187902 0.060058
0 0.736164 0.969609 0.157014 0.060781
0 0.869370 0.959841 0.184041 0.080318
