0 0.888674 0.081766 0.217503 0.163532
0 0.548263 0.079595 0.182754 0.159190
0 0.728443 0.072720 0.187902 0.145441
0 0.247747 0.074168 0.209781 0.148336
0 0.391248 0.071273 0.157014 0.142546
0 0.058558 0.066932 0.117117 0.133865
0 0.053411 0.310420 0.106822 0.153401
0 0.205277 0.308972 0.214930 0.144718
0 0.370656 0.310781 0.167310 0.157019
0 0.560489 0.306440 0.227799 0.158465
0 0.861004 0.307526 0.138996 0.136035
0 0.732947 0.302098 0.227799 0.151230
0 0.808237 0.509768 0.193050 0.164254
0 0.621622 0.506874 0.180181 0.158465
0 0.470398 0.522070 0.173745 0.154124
0 0.279279 0.513024 0.167310 0.123011
0 0.114543 0.518090 0.216217 0.115774
0 0.436293 0.687410 0.172458 0.121563
0 0.700772 0.700073 0.186615 0.075978
