0 0.068181 0.193182 0.136363 0.261364
0 0.212964 0.178031 0.095960 0.242424
0 0.322391 0.179924 0.149831 0.238636
0 0.452862 0.182291 0.138047 0.237689
0 0.582491 0.185605 0.134680 0.231060
0 0.702020 0.175664 0.117845 0.211175
0 0.654040 0.031250 0.382155 0.062501
0 0.790404 0.181818 0.156565 0.231060
0 0.907407 0.170927 0.131313 0.239584
0 0.889731 0.474433 0.119529 0.113636
0 0.744107 0.483427 0.131313 0.118371
0 0.627945 0.495265 0.087542 0.107955
0 0.477273 0.495265 0.173400 0.115531
0 0.308922 0.505209 0.126262 0.107007
0 0.146465 0.517518 0.117845 0.120265
0 0.047138 0.519413 0.094276 0.108902
0 0.048821 0.887784 0.097643 0.201704
0 0.136364 0.852745 0.222222 0.220644
0 0.353535 0.810133 0.259260 0.258522
0 0.634680 0.783618 0.239056 0.237689
0 0.888889 0.763731 0.218855 0.222538
0 0.888889 0.964962 0.218855 0.070075
