0 0.556628 0.039798 0.312741 0.079595
0 0.800515 0.041244 0.254826 0.082489
0 0.249679 0.258683 0.249679 0.226484
0 0.512227 0.212735 0.200772 0.120115
0 0.540541 0.324167 0.205920 0.114328
0 0.758687 0.304992 0.271557 0.161361
0 0.787645 0.184153 0.262548 0.117945
0 0.951094 0.301374 0.097812 0.184515
0 0.198842 0.571997 0.235521 0.174385
0 0.518661 0.560781 0.236808 0.237337
0 0.759330 0.564399 0.265123 0.237337
0 0.926641 0.565847 0.146718 0.218524
0 0.238095 0.816208 0.229086 0.166426
0 0.743886 0.836470 0.213643 0.157743
0 0.536679 0.803907 0.267697 0.222866
0 0.906049 0.843705 0.187903 0.153401
0 0.099743 0.970333 0.199485 0.059334
