0 0.902188 0.057887 0.193050 0.115774
0 0.720721 0.054631 0.151866 0.109263
0 0.584299 0.051013 0.203346 0.102026
0 0.404118 0.047395 0.169884 0.094790
0 0.223939 0.049928 0.252252 0.099855
0 0.051480 0.289436 0.102959 0.146165
0 0.231016 0.288712 0.227799 0.172214
0 0.413128 0.282199 0.195625 0.169320
0 0.806950 0.285095 0.185328 0.163531
0 0.935650 0.277134 0.108108 0.141823
0 0.725869 0.493126 0.175032 0.125181
0 0.848134 0.480101 0.157014 0.132416
0 0.575289 0.502894 0.144145 0.130246
0 0.213642 0.519536 0.205920 0.128798
0 0.074646 0.536904 0.149292 0.138929
0 0.131274 0.757598 0.167310 0.153401
0 0.307594 0.732995 0.185328 0.146165
0 0.432433 0.717438 0.159588 0.120839
0 0.559845 0.705861 0.123552 0.139653
0 0.703990 0.685962 0.175032 0.138929
0 0.839768 0.678003 0.142857 0.123011
0 0.809524 0.847684 0.144145 0.119393
0 0.677607 0.858900 0.178894 0.136035
0 0.511583 0.886758 0.196912 0.143994
0 0.386743 0.908828 0.163450 0.138929
0 0.301802 0.927279 0.191763 0.135311
