0 0.886364 0.086175 0.173400 0.115531
0 0.718013 0.096118 0.126262 0.107007
0 0.555556 0.108427 0.117845 0.120265
0 0.436027 0.110322 0.134680 0.108902
0 0.327442 0.115056 0.159933 0.099433
0 0.196969 0.196496 0.141415 0.108902
0 0.060605 0.196969 0.121211 0.107955
0 0.062290 0.511364 0.124579 0.183713
0 0.212122 0.471118 0.228956 0.199811
0 0.380471 0.478693 0.252525 0.201704
0 0.545455 0.443655 0.222222 0.220644
0 0.762625 0.401042 0.259260 0.258522
0 0.962121 0.374527 0.075757 0.237689
0 0.839225 0.671402 0.260944 0.217804
0 0.585016 0.693655 0.287878 0.213069
0 0.264309 0.725378 0.350169 0.208333
