0 0.082492 0.268465 0.164984 0.273675
0 0.180135 0.274622 0.205387 0.301136
0 0.337542 0.265625 0.250842 0.294507
0 0.551347 0.272727 0.143098 0.246213
0 0.706229 0.269413 0.153198 0.239584
0 0.874580 0.259944 0.210438 0.267993
0 0.037037 0.731535 0.074074 0.266098
0 0.134680 0.739109 0.171716 0.269887
0 0.263467 0.734375 0.183502 0.264205
0 0.440236 0.750000 0.196969 0.251895
0 0.616162 0.752840 0.228956 0.285985
0 0.494107 0.575284 0.382155 0.086175
0 0.792929 0.761836 0.235691 0.298295
0 0.920035 0.757576 0.156565 0.267045
