0 0.228443 0.109986 0.384814 0.219971
0 0.667953 0.114689 0.326898 0.209117
0 0.130631 0.444645 0.261262 0.226484
0 0.361647 0.449348 0.231661 0.231549
0 0.590734 0.450435 0.280566 0.225036
0 0.835908 0.449348 0.240669 0.231549
0 0.092021 0.755427 0.184042 0.185238
0 0.279923 0.748553 0.209781 0.191751
0 0.477477 0.736252 0.167310 0.170044
0 0.906049 0.756151 0.169884 0.173661
0 0.714930 0.755427 0.204633 0.172214
0 0.131274 0.956946 0.226512 0.086107
0 0.285714 0.951520 0.167310 0.096961
0 0.580437 0.959479 0.198199 0.081042
0 0.442084 0.954052 0.186615 0.091896
0 0.768340 0.969971 0.187902 0.060058
0 0.926641 0.969609 0.146718 0.060781
