0 0.868083 0.072720 0.243243 0.145441
0 0.694981 0.074167 0.180181 0.148335
0 0.492921 0.066932 0.270270 0.133864
0 0.285070 0.068379 0.207207 0.136758
0 0.093308 0.068741 0.186615 0.137482
0 0.075290 0.323082 0.150580 0.172938
0 0.245174 0.319103 0.209781 0.164978
0 0.368083 0.308972 0.149292 0.150506
0 0.586229 0.311866 0.191763 0.170767
0 0.759974 0.302098 0.189189 0.164254
0 0.911196 0.300289 0.151866 0.147612
0 0.945302 0.505065 0.109395 0.121563
0 0.908624 0.515920 0.162163 0.134588
0 0.772844 0.531476 0.194337 0.123734
0 0.629988 0.527858 0.209781 0.128076
0 0.500644 0.530753 0.185328 0.152678
0 0.391892 0.529305 0.222651 0.167150
0 0.249034 0.540882 0.153153 0.167150
0 0.092021 0.755065 0.184042 0.155571
0 0.103604 0.558972 0.207207 0.172938
0 0.516087 0.744211 0.290862 0.152678
0 0.822393 0.744935 0.249679 0.130970
0 0.936937 0.711289 0.126127 0.127352
