0 0.928451 0.244318 0.143098 0.265151
0 0.790404 0.241004 0.149831 0.264205
0 0.653198 0.236742 0.158249 0.280304
0 0.484007 0.230587 0.163300 0.269887
0 0.325758 0.228693 0.159933 0.262311
0 0.186027 0.216856 0.143098 0.261364
0 0.057239 0.216856 0.114477 0.272727
0 0.129629 0.581440 0.151515 0.134469
0 0.299664 0.589015 0.121213 0.119318
0 0.512625 0.594696 0.163300 0.130682
0 0.702862 0.589962 0.156565 0.121213
0 0.888889 0.601800 0.124580 0.152462
0 0.880471 0.912879 0.239058 0.174243
0 0.617845 0.897254 0.437711 0.205493
0 0.317340 0.894413 0.372055 0.211174
