0 0.093435 0.172822 0.186869 0.296402
0 0.318182 0.178976 0.303031 0.303031
0 0.617845 0.180398 0.367004 0.294507
0 0.890573 0.178976 0.218855 0.303031
0 0.042930 0.579545 0.085859 0.242424
0 0.211280 0.570549 0.274411 0.250947
0 0.469696 0.554451 0.218855 0.222538
0 0.959596 0.580493 0.080807 0.227273
0 0.780304 0.579545 0.267676 0.225378
0 0.082491 0.893466 0.164983 0.213068
0 0.218855 0.886364 0.218855 0.227273
0 0.604376 0.896780 0.259260 0.206440
0 0.423400 0.889678 0.244107 0.220644
0 0.850169 0.910511 0.245791 0.178977
