0 0.166023 0.087916 0.231661 0.175832
0 0.395110 0.086831 0.280566 0.173662
0 0.640284 0.087916 0.240669 0.175832
0 0.862291 0.088640 0.267697 0.177280
0 0.094595 0.359262 0.189190 0.191751
0 0.281853 0.346961 0.167310 0.170044
0 0.710425 0.366860 0.169884 0.173661
0 0.519305 0.366136 0.204633 0.172214
0 0.902188 0.370478 0.193050 0.176555
0 0.090090 0.611071 0.167310 0.194645
0 0.384813 0.620115 0.198199 0.180897
0 0.246460 0.609986 0.186615 0.182344
0 0.572716 0.628437 0.187902 0.155571
0 0.736164 0.628076 0.157014 0.156295
0 0.869370 0.629161 0.184041 0.197539
0 0.792149 0.885672 0.294723 0.150506
0 0.424067 0.850579 0.297297 0.197539
0 0.036036 0.813675 0.072072 0.136758
