0 0.348778 0.036180 0.252252 0.072360
0 0.582368 0.037264 0.289575 0.074529
0 0.823037 0.038350 0.276705 0.076700
0 0.144145 0.295587 0.193050 0.178727
0 0.370656 0.282923 0.290862 0.166426
0 0.620334 0.297033 0.280566 0.200434
0 0.860360 0.315123 0.217503 0.119393
0 0.169241 0.561505 0.227799 0.154848
0 0.370656 0.562952 0.211068 0.151954
0 0.654440 0.553546 0.168597 0.156295
0 0.820464 0.557888 0.225225 0.162084
0 0.101030 0.785817 0.196912 0.179451
0 0.274775 0.808610 0.230374 0.177279
0 0.487774 0.803546 0.218790 0.146888
0 0.662806 0.802460 0.195625 0.162084
0 0.839126 0.801375 0.182754 0.164254
0 0.957529 0.802822 0.084942 0.161361
0 0.316603 0.963458 0.146719 0.073083
0 0.479408 0.977569 0.178894 0.044863
0 0.771557 0.967077 0.191763 0.065846
0 0.620978 0.973951 0.127414 0.052099
