0 0.113900 0.073806 0.227799 0.147613
0 0.377092 0.079233 0.332046 0.158466
0 0.569498 0.073082 0.289575 0.146165
0 0.799872 0.079957 0.119691 0.159913
0 0.918276 0.081404 0.158301 0.162807
0 0.108752 0.353112 0.217504 0.196817
0 0.338481 0.379161 0.262548 0.173661
0 0.554698 0.387481 0.216217 0.177279
0 0.784427 0.362519 0.135135 0.167872
0 0.893822 0.367583 0.129988 0.175109
0 0.936294 0.745296 0.124839 0.088278
0 0.837194 0.696093 0.150579 0.178003
0 0.740669 0.678003 0.132561 0.183792
0 0.490991 0.695730 0.276705 0.161361
0 0.308881 0.696454 0.241956 0.168596
0 0.115830 0.677642 0.193050 0.152678
0 0.332046 0.937409 0.198199 0.125182
0 0.496783 0.941751 0.175032 0.116497
0 0.724582 0.959841 0.200772 0.080319
0 0.920206 0.957308 0.157014 0.085384
0 0.143500 0.959479 0.212356 0.081041
0 0.051480 0.921490 0.102960 0.120839
