0 0.063063 0.033647 0.126126 0.067294
0 0.226513 0.044139 0.257400 0.088279
0 0.696912 0.035818 0.212356 0.071635
0 0.480695 0.035456 0.225225 0.070912
0 0.886744 0.037626 0.218790 0.063675
0 0.743887 0.260854 0.182754 0.185962
0 0.915058 0.253618 0.169884 0.172938
0 0.443372 0.261939 0.209781 0.162084
0 0.586873 0.259768 0.157014 0.154848
0 0.221364 0.258322 0.182754 0.140377
0 0.084299 0.257598 0.168597 0.170767
0 0.075290 0.509044 0.150580 0.136758
0 0.211712 0.505065 0.181468 0.153401
0 0.400901 0.503618 0.214930 0.144718
0 0.566280 0.505427 0.167310 0.157019
0 0.756113 0.501085 0.227799 0.158465
0 0.907336 0.496744 0.185329 0.151230
0 0.953668 0.704413 0.092664 0.164254
0 0.817246 0.701519 0.180181 0.158465
0 0.666022 0.716715 0.173745 0.154124
0 0.474903 0.707670 0.167310 0.123011
0 0.310167 0.712735 0.216217 0.115774
0 0.068855 0.724312 0.137709 0.144718
0 0.631917 0.882055 0.172458 0.121563
0 0.896396 0.894718 0.186615 0.075978
