0 0.108108 0.133864 0.216216 0.202604
0 0.332046 0.126266 0.277992 0.217801
0 0.574645 0.136035 0.274131 0.208394
0 0.850708 0.134949 0.283141 0.213459
0 0.095882 0.459479 0.191764 0.238784
0 0.307594 0.474675 0.241956 0.222866
0 0.564350 0.462735 0.320464 0.255427
0 0.807593 0.472503 0.227799 0.227207
0 0.727156 0.778220 0.169884 0.191751
0 0.528314 0.777858 0.214930 0.176555
0 0.337838 0.780391 0.212356 0.184515
0 0.164736 0.774965 0.244530 0.185238
0 0.055341 0.763749 0.110682 0.178727
0 0.217503 0.964906 0.149292 0.070188
0 0.357143 0.959841 0.194337 0.080318
0 0.767052 0.962011 0.326898 0.075977
0 0.516088 0.967077 0.275418 0.065846
