0 0.686615 0.101302 0.253539 0.202604
0 0.910553 0.104558 0.178894 0.209117
0 0.659588 0.396166 0.207207 0.191751
0 0.831403 0.394718 0.187902 0.191751
0 0.960103 0.388568 0.079795 0.179451
0 0.126770 0.387844 0.253539 0.175109
0 0.328829 0.389291 0.276705 0.193921
0 0.169240 0.632055 0.232948 0.187410
0 0.393178 0.638205 0.204633 0.183792
0 0.638996 0.646527 0.217503 0.185962
0 0.936937 0.647975 0.126126 0.183068
0 0.040541 0.840811 0.081081 0.163531
0 0.289575 0.854558 0.218790 0.076700
0 0.632562 0.837192 0.209781 0.136035
0 0.207851 0.098770 0.209781 0.197540
