0 0.130631 0.250000 0.261262 0.226484
0 0.361647 0.254703 0.231661 0.231549
0 0.590734 0.255789 0.280566 0.225036
0 0.835908 0.254703 0.240669 0.231549
0 0.092021 0.560781 0.184042 0.185238
0 0.279923 0.553907 0.209781 0.191751
0 0.477477 0.541606 0.167310 0.170044
0 0.906049 0.561505 0.169884 0.173661
0 0.714930 0.560781 0.204633 0.172214
0 0.131274 0.812590 0.226512 0.186686
0 0.285714 0.805716 0.167310 0.194645
0 0.580437 0.814761 0.198199 0.180897
0 0.442084 0.804631 0.186615 0.182344
0 0.768340 0.823082 0.187902 0.155571
0 0.926641 0.822721 0.146718 0.156295
0 0.155084 0.969971 0.225225 0.060058
