0 0.048906 0.195369 0.097812 0.222866
0 0.188545 0.185601 0.127414 0.158465
0 0.313385 0.203691 0.142857 0.235167
0 0.411196 0.192475 0.202059 0.234443
0 0.537323 0.197178 0.173745 0.222142
0 0.684685 0.205137 0.133848 0.209117
0 0.763192 0.209841 0.157014 0.230101
0 0.883526 0.202967 0.191763 0.225036
0 0.038610 0.545586 0.077221 0.196817
0 0.120978 0.549205 0.151866 0.195369
0 0.253539 0.547033 0.157014 0.205500
0 0.503217 0.547757 0.157014 0.198263
0 0.606177 0.558973 0.151866 0.203328
0 0.728443 0.564761 0.131274 0.206224
0 0.826898 0.561143 0.140283 0.201882
0 0.943372 0.573082 0.113255 0.192475
0 0.928571 0.439580 0.142857 0.065847
0 0.148648 0.827424 0.101673 0.099131
0 0.245817 0.830318 0.087516 0.104921
0 0.355213 0.832851 0.090090 0.096961
0 0.507722 0.838640 0.129988 0.091172
0 0.654440 0.842981 0.114543 0.108538
0 0.821107 0.844428 0.162163 0.096961
0 0.947233 0.858176 0.105535 0.096961
