0 0.081725 0.153401 0.163450 0.202604
0 0.216859 0.165702 0.186615 0.183792
0 0.415058 0.160999 0.225225 0.197539
0 0.599099 0.171491 0.232948 0.195369
0 0.848777 0.192836 0.276705 0.177279
0 0.936937 0.516281 0.126125 0.178727
0 0.815315 0.506150 0.353926 0.174385
0 0.592021 0.492764 0.177606 0.153401
0 0.442084 0.499276 0.217503 0.131694
0 0.296654 0.476844 0.207207 0.128798
0 0.134491 0.465630 0.268983 0.129522
0 0.096525 0.724675 0.193051 0.130970
0 0.264479 0.730464 0.191763 0.122287
0 0.453668 0.752533 0.217503 0.138929
0 0.629344 0.781476 0.187902 0.083937
0 0.806949 0.773155 0.180181 0.138205
0 0.942728 0.787989 0.114544 0.149060
0 0.842985 0.947902 0.113255 0.102749
0 0.707851 0.942475 0.128701 0.102027
0 0.330760 0.901592 0.141570 0.111432
0 0.122265 0.876989 0.115830 0.092620
0 0.226513 0.938857 0.118404 0.081765
