0 0.058558 0.178364 0.117117 0.245297
0 0.213642 0.180897 0.177606 0.240232
0 0.350707 0.182706 0.137709 0.158465
0 0.543114 0.195369 0.151866 0.254703
0 0.664736 0.186686 0.220077 0.243126
0 0.789575 0.193199 0.189189 0.259044
0 0.922136 0.209841 0.153153 0.222866
0 0.941441 0.586468 0.114543 0.210564
0 0.819176 0.585746 0.199486 0.217801
0 0.691764 0.584298 0.150579 0.220694
0 0.420849 0.570550 0.167310 0.212011
0 0.283140 0.566571 0.172458 0.188134
0 0.191120 0.559697 0.137709 0.204776
0 0.055984 0.538711 0.111969 0.185962
0 0.045045 0.903763 0.090090 0.101303
0 0.126126 0.911722 0.136422 0.108538
0 0.269627 0.858900 0.114543 0.109986
0 0.382240 0.866135 0.115830 0.098408
0 0.479408 0.871925 0.145432 0.092620
0 0.650579 0.884225 0.142857 0.109986
0 0.815316 0.895080 0.155727 0.117221
