0 0.957529 0.196455 0.084943 0.217801
0 0.887388 0.195007 0.150579 0.220694
0 0.616473 0.181259 0.167310 0.212011
0 0.478764 0.177280 0.172458 0.188134
0 0.386745 0.170406 0.137709 0.204776
0 0.236808 0.149421 0.141570 0.185962
0 0.131917 0.134587 0.142857 0.180897
0 0.052767 0.127713 0.105534 0.170044
0 0.028958 0.460202 0.057915 0.188134
0 0.097168 0.514833 0.106821 0.112156
0 0.215572 0.514472 0.140283 0.101303
0 0.321750 0.522431 0.136422 0.108538
0 0.465251 0.469609 0.114543 0.109986
0 0.577864 0.476844 0.115830 0.098408
0 0.675032 0.482634 0.145432 0.092620
0 0.846203 0.494934 0.142857 0.109986
0 0.966538 0.505789 0.066924 0.117221
0 0.874518 0.786180 0.250965 0.235167
0 0.682755 0.800289 0.225225 0.192475
0 0.483269 0.794139 0.204633 0.177279
0 0.348134 0.771708 0.184041 0.132416
0 0.138996 0.757235 0.257400 0.170044
