0 0.113256 0.158466 0.157014 0.198263
0 0.216216 0.169682 0.151866 0.203328
0 0.338481 0.175470 0.131274 0.206224
0 0.436936 0.171852 0.140283 0.201882
0 0.572073 0.183792 0.150579 0.192475
0 0.706564 0.185962 0.175032 0.218524
0 0.613256 0.050289 0.292149 0.065847
0 0.841699 0.192836 0.180181 0.227930
0 0.938868 0.189581 0.119691 0.204052
0 0.117761 0.449349 0.129988 0.091172
0 0.264478 0.453691 0.114543 0.108538
0 0.431146 0.455137 0.162163 0.096961
0 0.575933 0.468885 0.142857 0.096961
0 0.734234 0.468885 0.124839 0.096961
0 0.873230 0.473951 0.122265 0.089725
0 0.752895 0.761577 0.347490 0.227930
0 0.478121 0.744211 0.317890 0.206224
0 0.233591 0.724675 0.297297 0.200434
0 0.068855 0.732634 0.137710 0.174385
0 0.090090 0.939580 0.180180 0.119393
0 0.298584 0.945369 0.267697 0.107815
0 0.536680 0.947178 0.254826 0.104197
