0 0.036036 0.203691 0.072072 0.174385
0 0.151222 0.202243 0.207207 0.177279
0 0.358430 0.190303 0.204633 0.183792
0 0.539254 0.192112 0.167310 0.175831
0 0.752895 0.198987 0.262548 0.159189
0 0.936937 0.200073 0.126126 0.139653
0 0.884170 0.473590 0.200772 0.128076
0 0.725869 0.481186 0.208494 0.150506
0 0.552767 0.491317 0.178894 0.149060
0 0.395109 0.489508 0.180181 0.119393
0 0.264479 0.494573 0.176319 0.123734
0 0.093951 0.511940 0.187901 0.128076
0 0.879665 0.699711 0.124839 0.101303
0 0.746461 0.705861 0.182754 0.119393
0 0.588160 0.729016 0.138996 0.067294
0 0.446589 0.708755 0.159588 0.115050
0 0.261905 0.710202 0.178894 0.141099
0 0.114543 0.724675 0.195625 0.132416
0 0.153153 0.873011 0.095239 0.083213
0 0.254182 0.922214 0.106821 0.057164
0 0.338481 0.861071 0.118404 0.089725
0 0.685328 0.864689 0.114543 0.088278
0 0.779923 0.849132 0.095239 0.089001
