0 0.518018 0.194645 0.333334 0.192475
0 0.077863 0.193560 0.155727 0.201882
0 0.837195 0.230825 0.305019 0.102749
0 0.291506 0.195008 0.240669 0.168596
0 0.077220 0.485891 0.154441 0.185962
0 0.275418 0.482634 0.262548 0.186686
0 0.481338 0.495659 0.203346 0.189580
0 0.741956 0.496383 0.263836 0.185238
0 0.884170 0.496020 0.231660 0.188856
0 0.090090 0.770984 0.180180 0.184515
0 0.259331 0.775687 0.235521 0.140377
0 0.458815 0.771345 0.214930 0.175109
0 0.664737 0.769899 0.238095 0.178003
0 0.874517 0.776411 0.160876 0.164978
0 0.907979 0.961288 0.184042 0.077424
0 0.738095 0.962735 0.196912 0.074529
0 0.557272 0.958394 0.254826 0.083213
0 0.415058 0.949348 0.166023 0.101303
0 0.220077 0.955500 0.267697 0.089001
0 0.083655 0.965630 0.167309 0.068741
