0 0.207851 0.139290 0.343629 0.220694
0 0.556628 0.145079 0.312741 0.258322
0 0.800515 0.163531 0.254826 0.227207
0 0.249679 0.453328 0.249679 0.226484
0 0.512227 0.407380 0.200772 0.120115
0 0.540541 0.518813 0.205920 0.114328
0 0.758687 0.499638 0.271557 0.161361
0 0.787645 0.378798 0.262548 0.117945
0 0.951094 0.496020 0.097812 0.184515
0 0.198842 0.766643 0.235521 0.174385
0 0.518661 0.755427 0.236808 0.237337
0 0.759330 0.759045 0.265123 0.237337
0 0.926641 0.760492 0.146718 0.218524
0 0.238095 0.963820 0.229086 0.072359
0 0.743886 0.976122 0.213643 0.047756
0 0.536679 0.943560 0.267697 0.112880
