0 0.346847 0.026049 0.191763 0.052098
0 0.528957 0.030390 0.247105 0.060781
0 0.700772 0.030753 0.173745 0.061506
0 0.888031 0.029667 0.223938 0.059335
0 0.935006 0.238060 0.129987 0.180897
0 0.752253 0.227931 0.287001 0.199711
0 0.532175 0.251448 0.268984 0.177279
0 0.347491 0.250361 0.211068 0.201158
0 0.142857 0.250000 0.285714 0.196093
0 0.884814 0.494211 0.140283 0.149060
0 0.758044 0.494935 0.169884 0.144718
0 0.590734 0.512663 0.180181 0.159913
0 0.431789 0.514110 0.207207 0.162808
0 0.279923 0.524602 0.204633 0.162084
0 0.072072 0.521708 0.144145 0.144718
0 0.068855 0.763025 0.137709 0.168596
0 0.193694 0.757959 0.163450 0.154124
0 0.334621 0.751448 0.167310 0.154124
0 0.490348 0.740956 0.169884 0.147612
0 0.620334 0.733358 0.120978 0.129522
0 0.746461 0.714183 0.136422 0.150506
0 0.918919 0.693921 0.162162 0.149060
0 0.893822 0.890014 0.173745 0.153401
0 0.740025 0.921129 0.175032 0.150506
0 0.579793 0.944283 0.258687 0.111433
0 0.254182 0.939942 0.279279 0.120116
