0 0.084942 0.169320 0.110683 0.253257
0 0.177606 0.170044 0.138996 0.246020
0 0.301159 0.174746 0.177606 0.252533
0 0.429858 0.178364 0.154440 0.245297
0 0.603603 0.180897 0.177606 0.240232
0 0.740669 0.182706 0.137709 0.158465
0 0.928571 0.195369 0.142857 0.254703
0 0.810810 0.570550 0.167310 0.212011
0 0.673101 0.566571 0.172458 0.188134
0 0.581082 0.559697 0.137709 0.204776
0 0.431145 0.538711 0.141570 0.185962
0 0.326255 0.523878 0.142857 0.180897
0 0.119047 0.517728 0.127414 0.180174
0 0.233591 0.517004 0.132561 0.170044
0 0.193050 0.849493 0.118404 0.188134
0 0.138353 0.833213 0.122265 0.209117
0 0.291505 0.904124 0.106821 0.112156
0 0.409909 0.903763 0.140283 0.101303
0 0.516087 0.911722 0.136422 0.108538
0 0.659588 0.858900 0.114543 0.109986
0 0.772201 0.866135 0.115830 0.098408
0 0.869369 0.871925 0.145432 0.092620
