0 0.952862 0.108427 0.094275 0.120265
0 0.845118 0.110322 0.134680 0.108902
0 0.736533 0.115056 0.159933 0.099433
0 0.606060 0.196496 0.141415 0.108902
0 0.466329 0.196969 0.127945 0.107955
0 0.322391 0.225853 0.166667 0.141098
0 0.168351 0.181818 0.154882 0.251895
0 0.053873 0.164300 0.107744 0.235796
0 0.133838 0.526989 0.260944 0.207385
0 0.380471 0.511364 0.306398 0.183713
0 0.621213 0.471118 0.228956 0.199811
0 0.789562 0.478693 0.252525 0.201704
0 0.921717 0.443655 0.156565 0.220644
0 0.925084 0.693655 0.149832 0.213069
0 0.673400 0.725378 0.350169 0.208333
0 0.233165 0.789300 0.365320 0.254735
