0 0.141415 0.106060 0.218855 0.212120
0 0.420875 0.106060 0.343435 0.208333
0 0.677609 0.107482 0.196969 0.182765
0 0.918351 0.081439 0.122896 0.162878
0 0.930976 0.435605 0.134680 0.217804
0 0.592593 0.465436 0.262625 0.167615
0 0.385522 0.475378 0.272727 0.196969
0 0.159091 0.488636 0.234007 0.195076
0 0.035354 0.486269 0.070707 0.156251
0 0.855218 0.746213 0.222222 0.176136
0 0.586700 0.761364 0.163300 0.132576
0 0.412458 0.769413 0.239056 0.156251
0 0.205387 0.799716 0.181818 0.088069
0 0.062290 0.773200 0.124579 0.150567
0 0.332491 0.959754 0.149831 0.080493
0 0.456229 0.949337 0.124580 0.101325
0 0.861111 0.929451 0.274411 0.141098
