0 0.322394 0.048119 0.333334 0.096237
0 0.641571 0.043777 0.305019 0.087554
0 0.866796 0.048842 0.263836 0.097684
0 0.108108 0.042330 0.216216 0.084660
0 0.105534 0.287989 0.211068 0.186686
0 0.285714 0.301013 0.203346 0.189580
0 0.546332 0.301737 0.263836 0.185238
0 0.702703 0.301374 0.259974 0.188856
0 0.893822 0.304270 0.209781 0.200434
0 0.090734 0.581042 0.181467 0.140377
0 0.263191 0.576700 0.214930 0.175109
0 0.469113 0.575254 0.238095 0.178003
0 0.678893 0.581765 0.160876 0.164978
0 0.876448 0.581404 0.244530 0.187410
0 0.911840 0.821635 0.173745 0.187410
0 0.734234 0.819465 0.227799 0.183068
0 0.542471 0.803546 0.196912 0.145442
0 0.361648 0.795948 0.254826 0.147612
0 0.219434 0.754703 0.166023 0.101303
0 0.079151 0.805355 0.158301 0.178003
0 0.694338 0.975398 0.196912 0.049204
