0 0.168597 0.071636 0.316603 0.143271
0 0.422136 0.080681 0.267697 0.161361
0 0.714285 0.079956 0.332046 0.159913
0 0.904119 0.079956 0.189189 0.159913
0 0.037323 0.068017 0.074646 0.136034
0 0.057271 0.360347 0.114542 0.183792
0 0.219434 0.355644 0.225225 0.197539
0 0.403474 0.366136 0.232948 0.195369
0 0.653153 0.387481 0.276705 0.177279
0 0.877091 0.400869 0.230374 0.169320
0 0.798585 0.710926 0.240669 0.178727
0 0.619691 0.700796 0.353926 0.174385
0 0.396397 0.687410 0.177606 0.153401
0 0.246460 0.693921 0.217503 0.131694
0 0.102317 0.671490 0.204634 0.128798
0 0.082368 0.925109 0.164737 0.122287
0 0.258044 0.938857 0.217503 0.122287
0 0.433720 0.967076 0.187902 0.065847
0 0.611325 0.949349 0.180181 0.101302
0 0.785714 0.954052 0.191763 0.091896
