0 0.301159 0.084298 0.308880 0.168596
0 0.555985 0.087916 0.231661 0.175832
0 0.785071 0.086831 0.280566 0.173662
0 0.281854 0.366136 0.193050 0.185238
0 0.474260 0.359262 0.209781 0.191751
0 0.671814 0.346961 0.167310 0.170044
0 0.903475 0.366136 0.193050 0.172214
0 0.325611 0.617945 0.226512 0.186686
0 0.480051 0.611071 0.167310 0.194645
0 0.774774 0.620115 0.198199 0.180897
0 0.636422 0.609986 0.186615 0.182344
0 0.934363 0.628437 0.131273 0.155571
0 0.814028 0.850579 0.297297 0.197539
0 0.349421 0.813675 0.225225 0.136758
