0 0.166667 0.145079 0.312741 0.258322
0 0.410554 0.163531 0.254826 0.227207
0 0.724582 0.139290 0.383526 0.238061
0 0.122266 0.407380 0.200772 0.120115
0 0.150579 0.518813 0.205920 0.114328
0 0.368725 0.499638 0.271557 0.161361
0 0.397684 0.378798 0.262548 0.117945
0 0.668597 0.496020 0.312741 0.184515
0 0.884170 0.494935 0.229086 0.212735
0 0.128700 0.755427 0.236808 0.237337
0 0.369369 0.759045 0.265123 0.237337
0 0.586229 0.760492 0.245817 0.218524
0 0.796654 0.760853 0.283141 0.214907
0 0.353925 0.976122 0.213643 0.047756
0 0.146718 0.943560 0.267697 0.112880
