0 0.067567 0.078510 0.135135 0.133864
0 0.407979 0.079595 0.254826 0.159190
0 0.715572 0.082489 0.172458 0.164979
0 0.902832 0.082851 0.191763 0.158465
0 0.063707 0.304631 0.127414 0.192475
0 0.167310 0.309335 0.164737 0.165702
0 0.322394 0.323445 0.184041 0.149060
0 0.478121 0.323445 0.196912 0.146165
0 0.686615 0.327786 0.220077 0.146165
0 0.878378 0.328510 0.227799 0.153401
0 0.085585 0.519899 0.171171 0.159913
0 0.281853 0.519537 0.175032 0.175109
0 0.784427 0.531476 0.232948 0.151230
0 0.469756 0.517005 0.164737 0.170044
0 0.918919 0.544863 0.159588 0.150506
0 0.079795 0.733719 0.159589 0.169320
0 0.182111 0.715268 0.135135 0.168596
0 0.437580 0.712011 0.175032 0.150506
0 0.689189 0.741317 0.220077 0.174385
0 0.911840 0.702604 0.155727 0.092620
