0 0.093952 0.115775 0.162163 0.176555
0 0.306306 0.108538 0.262548 0.185238
0 0.557915 0.111071 0.279279 0.194645
0 0.808880 0.128437 0.207207 0.123734
0 0.113255 0.366497 0.223938 0.158465
0 0.315316 0.372286 0.180181 0.152678
0 0.600385 0.359986 0.176319 0.157019
0 0.768340 0.357453 0.239382 0.164978
0 0.935650 0.361433 0.128701 0.154124
0 0.064350 0.604197 0.128700 0.179451
0 0.249035 0.607090 0.196912 0.163531
0 0.435650 0.609262 0.207207 0.153401
0 0.635778 0.606005 0.167310 0.159913
0 0.799228 0.598770 0.169884 0.162808
0 0.933719 0.592620 0.132561 0.156295
0 0.071429 0.831765 0.142857 0.193199
0 0.317246 0.774240 0.129988 0.095514
0 0.467825 0.818741 0.171171 0.159913
0 0.586229 0.819464 0.137709 0.141099
0 0.732304 0.803546 0.221364 0.167150
0 0.943372 0.795948 0.113256 0.166426
