0 0.364222 0.224675 0.316603 0.226484
0 0.617760 0.255065 0.267697 0.201882
0 0.871943 0.239869 0.256114 0.229377
0 0.178894 0.240954 0.182754 0.179451
0 0.081725 0.542692 0.163450 0.202604
0 0.216859 0.554993 0.186615 0.183792
0 0.415058 0.550290 0.225225 0.197539
0 0.599099 0.560782 0.232948 0.195369
0 0.848777 0.582127 0.276705 0.177279
0 0.936937 0.905572 0.126125 0.178727
0 0.815315 0.895441 0.353926 0.174385
0 0.592021 0.882055 0.177606 0.153401
0 0.442084 0.888567 0.217503 0.131694
0 0.296654 0.866135 0.207207 0.128798
0 0.134491 0.854921 0.268983 0.129522
