0 0.278636 0.123734 0.335908 0.212735
0 0.487130 0.133864 0.238095 0.202604
0 0.722007 0.126266 0.277992 0.217801
0 0.913771 0.136035 0.172459 0.208394
0 0.218790 0.453328 0.280566 0.236614
0 0.475547 0.459479 0.212356 0.238784
0 0.697555 0.474675 0.241956 0.222866
0 0.897040 0.462735 0.205921 0.255427
0 0.905405 0.777858 0.189190 0.176555
0 0.727799 0.780391 0.212356 0.184515
0 0.554697 0.774965 0.244530 0.185238
0 0.382883 0.763749 0.235521 0.178727
0 0.163450 0.737700 0.190476 0.167150
0 0.125483 0.954052 0.209781 0.091896
0 0.279923 0.954052 0.184041 0.091896
0 0.425997 0.959117 0.229086 0.081766
0 0.607465 0.964906 0.149292 0.070188
0 0.747104 0.959841 0.194337 0.080318
0 0.884170 0.967077 0.231660 0.065846
