0 0.224747 0.113163 0.247475 0.226326
0 0.452020 0.113163 0.271044 0.226325
0 0.723064 0.107481 0.267676 0.214962
0 0.925085 0.106060 0.149831 0.212120
0 0.930135 0.488636 0.139731 0.195076
0 0.771044 0.486269 0.235691 0.156251
0 0.600169 0.492898 0.230640 0.161933
0 0.356902 0.515625 0.286195 0.167615
0 0.966330 0.799716 0.067340 0.088069
0 0.838384 0.773200 0.208755 0.150567
0 0.596802 0.775095 0.234007 0.184658
0 0.404040 0.794035 0.255893 0.173295
0 0.106060 0.807765 0.212121 0.181818
0 0.121213 0.973485 0.218855 0.053030
0 0.454545 0.966856 0.124580 0.066287
0 0.696969 0.956913 0.154882 0.086174
