0 0.189833 0.119030 0.212356 0.190304
0 0.622908 0.126267 0.200772 0.197539
0 0.419563 0.129884 0.247105 0.219247
0 0.790862 0.120116 0.274131 0.214183
0 0.179537 0.405571 0.217503 0.204776
0 0.395753 0.407743 0.220077 0.185962
0 0.587516 0.413532 0.199486 0.200434
0 0.850064 0.424747 0.240669 0.205500
0 0.353282 0.647251 0.294723 0.159913
0 0.524453 0.665341 0.225225 0.155571
0 0.701416 0.681620 0.244530 0.191027
0 0.900257 0.679088 0.199486 0.200434
0 0.693050 0.891823 0.230374 0.152678
0 0.957529 0.921491 0.084941 0.090448
