0 0.149935 0.133503 0.299871 0.259768
0 0.357142 0.152315 0.220077 0.174385
0 0.565636 0.141099 0.274131 0.224312
0 0.829472 0.143632 0.256113 0.230825
0 0.254182 0.472142 0.266410 0.230825
0 0.623552 0.479740 0.238095 0.224312
0 0.843629 0.481186 0.222651 0.196817
0 0.180181 0.766280 0.159588 0.173661
0 0.386101 0.764834 0.226512 0.182344
0 0.624839 0.770984 0.220077 0.167150
0 0.828828 0.767004 0.247105 0.175109
0 0.748391 0.964544 0.222651 0.070912
0 0.169884 0.946816 0.285715 0.106368
0 0.371944 0.947178 0.239382 0.105643
