0 0.144145 0.100941 0.193050 0.178727
0 0.370656 0.088278 0.290862 0.166426
0 0.620334 0.102387 0.280566 0.200434
0 0.860360 0.120477 0.217503 0.119393
0 0.169241 0.366860 0.227799 0.154848
0 0.370656 0.368306 0.211068 0.151954
0 0.654440 0.358901 0.168597 0.156295
0 0.820464 0.363242 0.225225 0.162084
0 0.101030 0.591172 0.196912 0.179451
0 0.274775 0.613965 0.230374 0.177279
0 0.487774 0.608901 0.218790 0.146888
0 0.662806 0.607814 0.195625 0.162084
0 0.839126 0.606729 0.182754 0.164254
0 0.957529 0.608177 0.084942 0.161361
0 0.080438 0.829233 0.160875 0.196817
0 0.316603 0.780752 0.146719 0.096961
0 0.479408 0.835022 0.178894 0.149060
0 0.771557 0.819827 0.191763 0.160637
0 0.620978 0.829233 0.127414 0.151954
0 0.953668 0.818741 0.092664 0.172938
