0 0.834175 0.188447 0.274411 0.212122
0 0.959596 0.185605 0.080808 0.202651
0 0.543771 0.183713 0.239056 0.183713
0 0.319024 0.182765 0.311447 0.223485
0 0.070707 0.195549 0.141415 0.218751
0 0.096802 0.528409 0.193602 0.185605
0 0.306398 0.511836 0.289562 0.178976
0 0.531145 0.506629 0.237375 0.200758
0 0.778620 0.504735 0.281145 0.189395
0 0.942761 0.507102 0.114478 0.205493
0 0.875420 0.771780 0.218855 0.160985
0 0.659933 0.778409 0.282829 0.151515
0 0.278620 0.793560 0.311447 0.189395
0 0.106902 0.793560 0.203704 0.202651
0 0.070707 0.195549 0.141415 0.218751
