0 0.877946 0.348011 0.244107 0.220644
0 0.661616 0.323391 0.252525 0.199811
0 0.454545 0.326231 0.255893 0.154356
0 0.292929 0.300664 0.292929 0.178976
0 0.107744 0.288825 0.208755 0.181818
0 0.907407 0.684658 0.185186 0.206440
0 0.697811 0.697444 0.277778 0.116476
0 0.502525 0.642518 0.284511 0.158144
0 0.235691 0.640625 0.215489 0.169507
0 0.085016 0.614109 0.136364 0.156251
0 0.103535 0.820549 0.126262 0.120265
0 0.361953 0.849905 0.185185 0.137311
0 0.825758 0.907196 0.166667 0.136364
0 0.936027 0.912405 0.127946 0.154356
