0 0.052767 0.133503 0.105534 0.259768
0 0.162805 0.152315 0.220077 0.174385
0 0.371299 0.141099 0.274131 0.224312
0 0.635135 0.143632 0.256113 0.230825
0 0.886100 0.142547 0.227799 0.227207
0 0.096525 0.472142 0.193050 0.230825
0 0.429215 0.479740 0.238095 0.224312
0 0.649292 0.481186 0.222651 0.196817
0 0.874517 0.478654 0.250966 0.213459
0 0.032819 0.766280 0.065638 0.173661
0 0.191764 0.764834 0.226512 0.182344
0 0.430502 0.770984 0.220077 0.167150
0 0.634491 0.767004 0.247105 0.175109
0 0.879022 0.784009 0.241956 0.178727
0 0.554054 0.964544 0.222651 0.070912
0 0.177607 0.947178 0.239382 0.105643
