0 0.362291 0.039798 0.312741 0.079595
0 0.606178 0.041244 0.254826 0.082489
0 0.090090 0.258683 0.180181 0.226484
0 0.317890 0.212735 0.200772 0.120115
0 0.346204 0.324167 0.205920 0.114328
0 0.564350 0.304992 0.271557 0.161361
0 0.593308 0.184153 0.262548 0.117945
0 0.853925 0.301374 0.292149 0.184515
0 0.061133 0.571997 0.122265 0.174385
0 0.324324 0.560781 0.236808 0.237337
0 0.564993 0.564399 0.265123 0.237337
0 0.781854 0.565847 0.245817 0.218524
0 0.925354 0.566208 0.149292 0.214907
0 0.079150 0.816208 0.158301 0.166426
0 0.549549 0.836470 0.213643 0.157743
0 0.342342 0.803907 0.267697 0.222866
0 0.740669 0.843705 0.245817 0.153401
