0 0.916345 0.231549 0.151866 0.144718
0 0.779923 0.221779 0.203346 0.149784
0 0.599742 0.206946 0.169884 0.164978
0 0.419563 0.198263 0.252252 0.192475
0 0.195625 0.191751 0.244530 0.205500
0 0.050193 0.180897 0.100386 0.195369
0 0.059846 0.472142 0.119692 0.187410
0 0.215572 0.484082 0.166023 0.146165
0 0.426641 0.483358 0.227799 0.172214
0 0.608752 0.476845 0.195625 0.169320
0 0.954955 0.479740 0.090090 0.163531
0 0.916989 0.687771 0.166023 0.125181
0 0.770913 0.697539 0.144145 0.130246
0 0.409266 0.714182 0.205920 0.128798
0 0.075289 0.738785 0.150579 0.153401
0 0.236808 0.731549 0.216217 0.138929
0 0.151866 0.933430 0.208494 0.133140
0 0.326898 0.937771 0.167310 0.124457
0 0.503218 0.927279 0.185328 0.145442
0 0.628057 0.912083 0.159588 0.120839
0 0.755469 0.900506 0.123552 0.139653
0 0.899614 0.880608 0.175032 0.138929
