0 0.201415 0.070550 0.305019 0.141101
0 0.665380 0.079595 0.285715 0.159190
0 0.865508 0.071274 0.214930 0.142547
0 0.913771 0.319827 0.172458 0.141823
0 0.785715 0.322359 0.248392 0.175831
0 0.595239 0.330319 0.263836 0.183068
0 0.388674 0.331404 0.314028 0.193921
0 0.177607 0.352388 0.249679 0.183792
0 0.099099 0.624095 0.198198 0.184515
0 0.411197 0.569464 0.222651 0.151954
0 0.608752 0.568740 0.187902 0.130246
0 0.815959 0.572721 0.177606 0.161361
0 0.949807 0.551737 0.100386 0.178727
0 0.768340 0.753618 0.236808 0.117945
