0 0.870656 0.026049 0.163450 0.052099
0 0.884170 0.232634 0.229086 0.212011
0 0.672458 0.250361 0.243243 0.179451
0 0.499357 0.237336 0.180181 0.211288
0 0.297297 0.230825 0.270270 0.195369
0 0.096525 0.234443 0.193050 0.193921
0 0.077220 0.513748 0.154441 0.164978
0 0.172459 0.503618 0.149292 0.150506
0 0.390605 0.506512 0.191763 0.170767
0 0.564350 0.496744 0.189189 0.164254
0 0.715572 0.494935 0.151866 0.147612
0 0.876448 0.490232 0.164737 0.138205
0 0.812098 0.699711 0.234235 0.121563
0 0.712999 0.710565 0.162163 0.134588
0 0.577220 0.726121 0.194337 0.123734
0 0.434364 0.722503 0.209781 0.128076
0 0.305019 0.725399 0.185328 0.152678
0 0.196267 0.723951 0.222651 0.167150
0 0.064993 0.735528 0.129986 0.167150
0 0.320463 0.931259 0.290862 0.137483
0 0.626769 0.937048 0.249679 0.125905
0 0.786357 0.905934 0.216217 0.127352
0 0.920206 0.873733 0.157014 0.151230
