0 0.093308 0.226484 0.186615 0.247467
0 0.296654 0.241317 0.253539 0.201882
0 0.572716 0.235890 0.332046 0.234443
0 0.765123 0.261216 0.289575 0.159189
0 0.967825 0.235167 0.064349 0.238784
0 0.132561 0.542692 0.265123 0.196817
0 0.296011 0.547757 0.234235 0.196817
0 0.534105 0.573806 0.262548 0.173661
0 0.750322 0.582127 0.216217 0.177279
0 0.956242 0.557164 0.087516 0.167872
0 0.935007 0.872648 0.129987 0.183792
0 0.686615 0.890376 0.276705 0.161361
0 0.504505 0.891100 0.241956 0.168596
0 0.311454 0.872287 0.193050 0.152678
0 0.153153 0.874457 0.195625 0.117945
0 0.070785 0.854921 0.141570 0.136758
