0 0.934363 0.090087 0.115830 0.180174
0 0.568211 0.099131 0.238095 0.198263
0 0.326255 0.090811 0.227799 0.181621
0 0.102317 0.098770 0.204634 0.197539
0 0.162805 0.384949 0.204633 0.183792
0 0.343630 0.386758 0.167310 0.175831
0 0.557271 0.393632 0.262548 0.159189
0 0.753539 0.394718 0.150579 0.139653
0 0.937581 0.366498 0.093952 0.141099
0 0.947233 0.645441 0.102960 0.166426
0 0.688546 0.668235 0.200772 0.128076
0 0.530244 0.675832 0.208494 0.150506
0 0.357143 0.685962 0.178894 0.149060
0 0.199485 0.684154 0.180181 0.119393
0 0.078507 0.689219 0.157015 0.123734
0 0.889317 0.882779 0.169884 0.134588
0 0.684041 0.894356 0.124839 0.101303
0 0.550837 0.900506 0.182754 0.119393
0 0.392535 0.923662 0.138996 0.067294
0 0.250965 0.903400 0.159588 0.115050
0 0.077864 0.904848 0.155728 0.141099
