0 0.231660 0.053907 0.311454 0.107815
0 0.518662 0.052460 0.311454 0.104920
0 0.771557 0.051013 0.351352 0.102026
0 0.050837 0.313675 0.101673 0.190304
0 0.428571 0.320912 0.200772 0.197539
0 0.225225 0.324530 0.247105 0.219247
0 0.596524 0.314762 0.274131 0.214183
0 0.852639 0.321997 0.225225 0.238784
0 0.957529 0.320188 0.084942 0.216353
0 0.046976 0.600216 0.093951 0.204776
0 0.201415 0.602388 0.220077 0.185962
0 0.393179 0.608177 0.199486 0.200434
0 0.655727 0.619393 0.240669 0.205500
0 0.855213 0.625904 0.173745 0.209841
0 0.158945 0.841896 0.294723 0.159913
0 0.330116 0.859986 0.225225 0.155571
0 0.507079 0.876266 0.244530 0.191027
0 0.740025 0.873733 0.267697 0.200434
0 0.913128 0.889653 0.173745 0.193199
