0 0.113900 0.241317 0.227799 0.201882
0 0.377092 0.235890 0.332046 0.234443
0 0.569498 0.261216 0.289575 0.159189
0 0.799872 0.235167 0.119691 0.238784
0 0.918276 0.232995 0.158301 0.248915
0 0.108752 0.547757 0.217504 0.196817
0 0.338481 0.573806 0.262548 0.173661
0 0.554698 0.582127 0.216217 0.177279
0 0.784427 0.557164 0.135135 0.167872
0 0.893822 0.562228 0.129988 0.175109
0 0.936294 0.939941 0.124839 0.088278
0 0.837194 0.890738 0.150579 0.178003
0 0.740669 0.872648 0.132561 0.183792
0 0.490991 0.890376 0.276705 0.161361
0 0.308881 0.891100 0.241956 0.168596
0 0.115830 0.872287 0.193050 0.152678
