0 0.873231 0.312229 0.204633 0.238061
0 0.660232 0.308973 0.149292 0.211288
0 0.531531 0.304631 0.141570 0.202604
0 0.409910 0.302098 0.114543 0.201882
0 0.305019 0.298842 0.120978 0.214183
0 0.175676 0.294139 0.124839 0.206224
0 0.057915 0.292691 0.115831 0.200434
0 0.040541 0.568017 0.081082 0.091172
0 0.197554 0.572358 0.124839 0.099855
0 0.342986 0.568741 0.119691 0.092620
0 0.485200 0.577786 0.095239 0.116498
0 0.595239 0.594429 0.114543 0.117945
0 0.886101 0.614689 0.227798 0.191751
0 0.918919 0.878075 0.162162 0.213459
0 0.530244 0.849855 0.285715 0.201882
0 0.277993 0.831042 0.334621 0.212011
0 0.095238 0.825254 0.190476 0.209117
