0 0.081650 0.176136 0.163300 0.316287
0 0.294613 0.178031 0.164984 0.274622
0 0.438553 0.179924 0.082491 0.259469
0 0.556398 0.168560 0.146465 0.267045
0 0.717171 0.154356 0.141415 0.196969
0 0.926768 0.663353 0.146464 0.311553
0 0.708755 0.659091 0.195285 0.276515
0 0.540404 0.653409 0.185185 0.265151
0 0.381313 0.650095 0.149831 0.264205
0 0.244107 0.645833 0.158249 0.280304
0 0.078283 0.639678 0.156566 0.269887
0 0.103535 0.969223 0.163300 0.061554
0 0.293771 0.969223 0.156565 0.061554
0 0.479798 0.967330 0.124580 0.065340
