0 0.848485 0.150095 0.299664 0.277462
0 0.571549 0.173295 0.318182 0.234849
0 0.345118 0.156249 0.235691 0.276515
0 0.128787 0.147727 0.257575 0.255682
0 0.202862 0.508522 0.250842 0.223485
0 0.430135 0.495738 0.247475 0.214962
0 0.627945 0.493371 0.198653 0.193182
0 0.838384 0.487216 0.215489 0.180871
0 0.754209 0.761364 0.306398 0.159091
0 0.624580 0.775569 0.212122 0.176136
0 0.446969 0.795927 0.254209 0.161933
0 0.260102 0.791193 0.274411 0.167615
0 0.106060 0.794982 0.212121 0.199811
0 0.047138 0.793087 0.094275 0.218751
0 0.720538 0.973959 0.282829 0.052083
0 0.895624 0.945075 0.205387 0.109849
