0 0.489705 0.092257 0.397683 0.184515
0 0.103604 0.091896 0.207207 0.183792
0 0.201415 0.414617 0.305019 0.231549
0 0.665380 0.437410 0.285715 0.222142
0 0.865508 0.429812 0.214930 0.204052
0 0.971042 0.420768 0.057915 0.204776
0 0.913771 0.709118 0.172458 0.141823
0 0.785715 0.711650 0.248392 0.175831
0 0.595239 0.719610 0.263836 0.183068
0 0.388674 0.720695 0.314028 0.193921
0 0.177607 0.741678 0.249679 0.183792
0 0.099099 0.960565 0.198198 0.078871
0 0.411197 0.941389 0.222651 0.117222
0 0.608752 0.946454 0.187902 0.107092
0 0.815959 0.940666 0.177606 0.118669
0 0.949807 0.925832 0.100386 0.148336
