0 0.048906 0.056078 0.097812 0.112157
0 0.188545 0.035094 0.127414 0.070188
0 0.313385 0.063314 0.142857 0.126629
0 0.411196 0.057526 0.202059 0.115051
0 0.537323 0.056802 0.173745 0.113603
0 0.684685 0.057525 0.133848 0.115050
0 0.763192 0.065123 0.157014 0.130246
0 0.883526 0.060420 0.191763 0.120840
0 0.038610 0.350940 0.077221 0.196817
0 0.120978 0.354559 0.151866 0.195369
0 0.253539 0.352388 0.157014 0.205500
0 0.503217 0.353112 0.157014 0.198263
0 0.606177 0.364327 0.151866 0.203328
0 0.728443 0.370115 0.131274 0.206224
0 0.826898 0.366497 0.140283 0.201882
0 0.943372 0.378437 0.113255 0.192475
0 0.928571 0.244935 0.142857 0.065847
0 0.148648 0.632779 0.101673 0.099131
0 0.245817 0.635673 0.087516 0.104921
0 0.355213 0.638205 0.090090 0.096961
0 0.507722 0.643994 0.129988 0.091172
0 0.654440 0.648336 0.114543 0.108538
0 0.821107 0.649782 0.162163 0.096961
0 0.947233 0.663531 0.105535 0.096961
0 0.854569 0.917872 0.290863 0.164256
0 0.623552 0.909551 0.297297 0.180897
0 0.406049 0.920043 0.243243 0.159913
0 0.231017 0.926918 0.142857 0.146164
0 0.074003 0.923661 0.148004 0.151230
