0 0.918275 0.061866 0.111970 0.123733
0 0.509653 0.048842 0.316603 0.097685
0 0.719434 0.060420 0.211068 0.120840
0 0.225869 0.058249 0.258687 0.116498
0 0.098455 0.325254 0.196911 0.197539
0 0.240669 0.329233 0.265123 0.205500
0 0.494853 0.357453 0.297297 0.191027
0 0.682755 0.364327 0.209781 0.175831
0 0.922780 0.344429 0.133848 0.167872
0 0.978764 0.354559 0.042472 0.175109
0 0.957529 0.687047 0.084942 0.193199
0 0.895752 0.670767 0.146719 0.206946
0 0.646718 0.684877 0.250966 0.148336
0 0.454312 0.653401 0.277992 0.159189
0 0.263836 0.655934 0.187902 0.154124
0 0.090734 0.661361 0.178894 0.134588
0 0.176319 0.907743 0.177606 0.130970
0 0.314028 0.948626 0.195625 0.085383
0 0.489704 0.930174 0.191763 0.139652
0 0.660232 0.938133 0.200772 0.123733
0 0.878378 0.952967 0.186615 0.094067
