0 0.079794 0.044139 0.159588 0.088279
0 0.501287 0.035818 0.212356 0.071635
0 0.285071 0.035456 0.225225 0.070912
0 0.691120 0.037626 0.218790 0.063675
0 0.888674 0.268814 0.217503 0.178727
0 0.548263 0.260854 0.182754 0.185962
0 0.728443 0.253618 0.187902 0.172938
0 0.247747 0.261939 0.209781 0.162084
0 0.391248 0.259768 0.157014 0.154848
0 0.058558 0.258322 0.117117 0.140377
0 0.053411 0.505065 0.106822 0.153401
0 0.205277 0.503618 0.214930 0.144718
0 0.370656 0.505427 0.167310 0.157019
0 0.560489 0.501085 0.227799 0.158465
0 0.861004 0.502171 0.138996 0.136035
0 0.732947 0.496744 0.227799 0.151230
0 0.808237 0.704413 0.193050 0.164254
0 0.621622 0.701519 0.180181 0.158465
0 0.470398 0.716715 0.173745 0.154124
0 0.279279 0.707670 0.167310 0.123011
0 0.114543 0.712735 0.216217 0.115774
0 0.436293 0.882055 0.172458 0.121563
0 0.700772 0.894718 0.186615 0.075978
