0 0.339768 0.149421 0.275418 0.185962
0 0.541184 0.164978 0.191763 0.163531
0 0.723294 0.156656 0.247105 0.197539
0 0.895109 0.170767 0.173745 0.170767
0 0.901545 0.422576 0.196910 0.199711
0 0.726512 0.446093 0.268984 0.177279
0 0.541828 0.445007 0.211068 0.201158
0 0.331403 0.444645 0.297297 0.196093
0 0.123552 0.443198 0.247105 0.196093
0 0.933719 0.689580 0.132561 0.144718
0 0.785071 0.707309 0.180181 0.159913
0 0.626126 0.708755 0.207207 0.162808
0 0.474260 0.719247 0.204633 0.162084
0 0.247748 0.716353 0.181468 0.144718
0 0.096525 0.728654 0.193050 0.169320
0 0.245817 0.936686 0.172458 0.126628
0 0.388031 0.937771 0.163450 0.124457
0 0.528958 0.934516 0.167310 0.130969
0 0.684685 0.930898 0.169884 0.138205
0 0.814672 0.928003 0.120978 0.129522
0 0.936294 0.908828 0.127413 0.150506
