0 0.422780 0.109986 0.384814 0.219971
0 0.849421 0.114689 0.301159 0.209117
0 0.301159 0.444645 0.308880 0.226484
0 0.555985 0.449348 0.231661 0.231549
0 0.785071 0.450435 0.280566 0.225036
0 0.954955 0.449348 0.090090 0.231549
0 0.281854 0.755427 0.193050 0.185238
0 0.474260 0.748553 0.209781 0.191751
0 0.671814 0.736252 0.167310 0.170044
0 0.903475 0.755427 0.193050 0.172214
0 0.325611 0.956946 0.226512 0.086107
0 0.480051 0.951520 0.167310 0.096961
0 0.774774 0.959479 0.198199 0.081042
0 0.636422 0.954052 0.186615 0.091896
