0 0.042929 0.153409 0.085858 0.181818
0 0.137205 0.162878 0.129629 0.208333
0 0.274411 0.164300 0.144782 0.207385
0 0.436027 0.156249 0.154882 0.183713
0 0.586700 0.184185 0.153198 0.252842
0 0.732324 0.188447 0.158249 0.251895
0 0.876262 0.193182 0.156565 0.261364
0 0.952862 0.517518 0.094275 0.120265
0 0.845118 0.519413 0.134680 0.108902
0 0.736533 0.524147 0.159933 0.099433
0 0.606060 0.605587 0.141415 0.108902
0 0.466329 0.606060 0.127945 0.107955
0 0.322391 0.634944 0.166667 0.141098
0 0.168351 0.590909 0.154882 0.251895
0 0.053873 0.573391 0.107744 0.235796
0 0.133838 0.916194 0.260944 0.167613
0 0.380471 0.914299 0.306398 0.171402
0 0.621213 0.880209 0.228956 0.199811
0 0.789562 0.887784 0.252525 0.201704
0 0.921717 0.852745 0.156565 0.220644
