0 0.935006 0.066932 0.129987 0.133863
0 0.752253 0.066570 0.287001 0.133141
0 0.532175 0.072721 0.268984 0.145442
0 0.347491 0.078147 0.211068 0.156295
0 0.142857 0.076700 0.285714 0.153401
0 0.884814 0.299565 0.140283 0.149060
0 0.758044 0.300289 0.169884 0.144718
0 0.590734 0.318018 0.180181 0.159913
0 0.431789 0.319464 0.207207 0.162808
0 0.279923 0.329956 0.204633 0.162084
0 0.072072 0.327062 0.144145 0.144718
0 0.068855 0.568379 0.137709 0.168596
0 0.193694 0.563314 0.163450 0.154124
0 0.334621 0.556802 0.167310 0.154124
0 0.490348 0.546310 0.169884 0.147612
0 0.620334 0.538712 0.120978 0.129522
0 0.746461 0.519537 0.136422 0.150506
0 0.918919 0.499276 0.162162 0.149060
0 0.893822 0.695369 0.173745 0.153401
0 0.740025 0.726483 0.175032 0.150506
0 0.579793 0.766642 0.258687 0.145442
0 0.254182 0.772431 0.279279 0.174385
