0 0.918275 0.197539 0.111970 0.241678
0 0.509653 0.188134 0.316603 0.208394
0 0.719434 0.225399 0.211068 0.180174
0 0.225869 0.210202 0.258687 0.201882
0 0.098455 0.519899 0.196911 0.197539
0 0.240669 0.523878 0.265123 0.205500
0 0.494853 0.552099 0.297297 0.191027
0 0.682755 0.558973 0.209781 0.175831
0 0.922780 0.539074 0.133848 0.167872
0 0.978764 0.549205 0.042472 0.175109
0 0.957529 0.881693 0.084942 0.193199
0 0.895752 0.865413 0.146719 0.206946
0 0.646718 0.879523 0.250966 0.148336
0 0.454312 0.848047 0.277992 0.159189
0 0.263836 0.850579 0.187902 0.154124
0 0.090734 0.856006 0.178894 0.134588
