0 0.096525 0.182344 0.193051 0.183792
0 0.316603 0.189942 0.247105 0.190304
0 0.554698 0.208755 0.290862 0.210564
0 0.812098 0.212735 0.193050 0.167872
0 0.946590 0.203328 0.106821 0.193921
0 0.121621 0.497829 0.243243 0.185238
0 0.363578 0.500361 0.279279 0.194645
0 0.614542 0.517728 0.207207 0.123734
0 0.887387 0.498915 0.225226 0.167150
0 0.120978 0.761577 0.180181 0.152678
0 0.406048 0.749277 0.176319 0.157019
0 0.574003 0.746744 0.239382 0.164978
0 0.931146 0.742402 0.137709 0.163531
0 0.793436 0.750724 0.232948 0.154124
0 0.076577 0.957308 0.153154 0.085384
0 0.241313 0.960926 0.207207 0.078148
0 0.441441 0.957670 0.167310 0.084660
0 0.604891 0.953328 0.169884 0.093343
0 0.777992 0.951881 0.209781 0.096237
0 0.937580 0.954776 0.124839 0.090449
