0 0.868083 0.250361 0.243243 0.179451
0 0.694981 0.237336 0.180181 0.211288
0 0.492921 0.230825 0.270270 0.195369
0 0.285070 0.234443 0.207207 0.193921
0 0.093308 0.232273 0.186615 0.199711
0 0.075290 0.517727 0.150580 0.172938
0 0.245174 0.513748 0.209781 0.164978
0 0.368083 0.503618 0.149292 0.150506
0 0.586229 0.506512 0.191763 0.170767
0 0.759974 0.496744 0.189189 0.164254
0 0.911196 0.494935 0.151866 0.147612
0 0.945302 0.699711 0.109395 0.121563
0 0.908624 0.710565 0.162163 0.134588
0 0.772844 0.726121 0.194337 0.123734
0 0.629988 0.722503 0.209781 0.128076
0 0.500644 0.725399 0.185328 0.152678
0 0.391892 0.723951 0.222651 0.167150
0 0.249034 0.735528 0.153153 0.167150
0 0.092021 0.935962 0.184042 0.128075
0 0.103604 0.753618 0.207207 0.172938
0 0.516087 0.931259 0.290862 0.137483
0 0.822393 0.937048 0.249679 0.125905
0 0.936937 0.905934 0.126127 0.127352
