0 0.058558 0.080318 0.117117 0.160637
0 0.169884 0.081766 0.120978 0.163532
0 0.279922 0.085384 0.119691 0.170767
0 0.398327 0.075977 0.073359 0.151954
0 0.481982 0.075977 0.114543 0.151953
0 0.581724 0.076700 0.105534 0.153400
0 0.680823 0.076700 0.102960 0.153400
0 0.772201 0.069103 0.090090 0.138206
0 0.839768 0.075253 0.119691 0.150506
0 0.929215 0.072720 0.100386 0.145441
0 0.915702 0.285818 0.091377 0.086831
0 0.804375 0.292691 0.100386 0.090448
0 0.715572 0.301737 0.066924 0.082489
0 0.600386 0.301737 0.132561 0.088278
0 0.471685 0.309335 0.096524 0.081765
0 0.347491 0.318740 0.090090 0.091896
0 0.256114 0.320188 0.102960 0.083213
0 0.173102 0.323806 0.122265 0.075978
0 0.073359 0.386035 0.108108 0.083213
0 0.086229 0.595876 0.172459 0.152678
0 0.213642 0.601664 0.193050 0.154124
0 0.339768 0.574891 0.169884 0.168596
0 0.505791 0.542330 0.198199 0.197539
0 0.720721 0.522070 0.182754 0.181621
0 0.915058 0.506874 0.167310 0.170044
0 0.915058 0.699349 0.167310 0.130970
0 0.732947 0.735528 0.212356 0.170044
0 0.564350 0.748915 0.199486 0.166426
0 0.370013 0.765918 0.220077 0.162808
0 0.129344 0.790159 0.258687 0.159189
