0 0.884170 0.071997 0.229086 0.143994
0 0.672458 0.072720 0.243243 0.145441
0 0.499357 0.074167 0.180181 0.148335
0 0.297297 0.066932 0.270270 0.133864
0 0.096525 0.068379 0.193050 0.136758
0 0.077220 0.319103 0.154441 0.164978
0 0.172459 0.308972 0.149292 0.150506
0 0.390605 0.311866 0.191763 0.170767
0 0.564350 0.302098 0.189189 0.164254
0 0.715572 0.300289 0.151866 0.147612
0 0.876448 0.295586 0.164737 0.138205
0 0.812098 0.505065 0.234235 0.121563
0 0.712999 0.515920 0.162163 0.134588
0 0.577220 0.531476 0.194337 0.123734
0 0.434364 0.527858 0.209781 0.128076
0 0.305019 0.530753 0.185328 0.152678
0 0.196267 0.529305 0.222651 0.167150
0 0.064993 0.540882 0.129986 0.167150
0 0.320463 0.744211 0.290862 0.152678
0 0.626769 0.744935 0.249679 0.130970
0 0.786357 0.711289 0.216217 0.127352
0 0.920206 0.679088 0.157014 0.151230
