0 0.820708 0.143940 0.358585 0.261364
0 0.541245 0.174716 0.351853 0.232007
0 0.299664 0.173295 0.276095 0.263258
0 0.109428 0.172822 0.218855 0.256629
0 0.955387 0.492424 0.089225 0.195076
0 0.836700 0.493371 0.222222 0.189395
0 0.617845 0.516573 0.235691 0.209280
0 0.409933 0.518465 0.271044 0.213069
0 0.211280 0.532196 0.267676 0.212122
0 0.102694 0.837595 0.205388 0.201704
0 0.282829 0.829073 0.218855 0.201704
0 0.486533 0.815342 0.222222 0.193182
0 0.656565 0.805398 0.158249 0.169507
0 0.821549 0.780304 0.178451 0.196969
