0 0.233591 0.101303 0.238095 0.202605
0 0.453667 0.095152 0.222651 0.190304
0 0.718790 0.098046 0.330759 0.196092
0 0.054698 0.375543 0.109395 0.182344
0 0.234878 0.381693 0.220077 0.167150
0 0.438867 0.377713 0.247105 0.175109
0 0.689833 0.394718 0.254826 0.178727
0 0.790862 0.658104 0.258687 0.174385
0 0.558558 0.646527 0.267697 0.171491
0 0.358430 0.629885 0.222651 0.180174
0 0.050837 0.608901 0.101674 0.207670
0 0.048906 0.824891 0.097812 0.162084
0 0.292150 0.860347 0.252252 0.202604
0 0.391892 0.846599 0.135135 0.160637
0 0.566924 0.818379 0.145432 0.102749
0 0.768983 0.876266 0.199486 0.172214
0 0.915058 0.878798 0.167310 0.172938
