0 0.153154 0.164617 0.252252 0.204776
0 0.386743 0.172214 0.289575 0.193921
0 0.627413 0.175470 0.276705 0.191751
0 0.884814 0.187410 0.227799 0.175109
0 0.175032 0.477569 0.290862 0.166426
0 0.424710 0.491678 0.280566 0.200434
0 0.664736 0.509768 0.217503 0.119393
0 0.922779 0.491678 0.151866 0.178727
0 0.043758 0.756151 0.087516 0.154848
0 0.175032 0.757597 0.211068 0.151954
0 0.458816 0.748191 0.168597 0.156295
0 0.624840 0.752533 0.225225 0.162084
0 0.859717 0.761940 0.257400 0.138929
0 0.097169 0.957308 0.194337 0.085384
0 0.292150 0.962374 0.218790 0.075253
0 0.467182 0.958031 0.195625 0.083937
0 0.643501 0.956946 0.182754 0.086107
0 0.833334 0.958394 0.227799 0.083213
