0 0.105534 0.093343 0.211068 0.186686
0 0.285714 0.106368 0.203346 0.189580
0 0.546332 0.107092 0.263836 0.185238
0 0.702703 0.106729 0.259974 0.188856
0 0.893822 0.109624 0.209781 0.200434
0 0.090734 0.386396 0.181467 0.140377
0 0.263191 0.382055 0.214930 0.175109
0 0.469113 0.380608 0.238095 0.178003
0 0.678893 0.387120 0.160876 0.164978
0 0.876448 0.386759 0.244530 0.187410
0 0.911840 0.626989 0.173745 0.187410
0 0.734234 0.624819 0.227799 0.183068
0 0.542471 0.608901 0.196912 0.145442
0 0.361648 0.601303 0.254826 0.147612
0 0.219434 0.560057 0.166023 0.101303
0 0.079151 0.610710 0.158301 0.178003
0 0.694338 0.819464 0.196912 0.126628
