0 0.748391 0.066932 0.148004 0.133863
0 0.556629 0.066570 0.287001 0.133141
0 0.336551 0.072721 0.268984 0.145442
0 0.151866 0.078147 0.211068 0.156295
0 0.928571 0.072359 0.127414 0.109986
0 0.924066 0.265196 0.149292 0.174385
0 0.689189 0.299565 0.140283 0.149060
0 0.562419 0.300289 0.169884 0.144718
0 0.395110 0.318018 0.180181 0.159913
0 0.236165 0.319464 0.207207 0.162808
0 0.093308 0.329956 0.186615 0.162084
0 0.039897 0.563314 0.079795 0.154124
0 0.138997 0.556802 0.167310 0.154124
0 0.294724 0.546310 0.169884 0.147612
0 0.424710 0.538712 0.120978 0.129522
0 0.550837 0.519537 0.136422 0.150506
0 0.763192 0.499276 0.241956 0.149060
0 0.897684 0.471057 0.202059 0.157743
0 0.892535 0.679812 0.160876 0.152678
0 0.698198 0.695369 0.173745 0.153401
0 0.544401 0.726483 0.175032 0.150506
0 0.384169 0.766642 0.258687 0.145442
0 0.099099 0.772431 0.198198 0.174385
