0 0.084942 0.050651 0.110683 0.101303
0 0.177606 0.049204 0.138996 0.098408
0 0.301159 0.053184 0.177606 0.106367
0 0.429858 0.053184 0.154440 0.106367
0 0.603603 0.053184 0.177606 0.106367
0 0.740669 0.033646 0.137709 0.067293
0 0.928571 0.064038 0.142857 0.128075
0 0.810810 0.375904 0.167310 0.212011
0 0.673101 0.371925 0.172458 0.188134
0 0.581082 0.365051 0.137709 0.204776
0 0.431145 0.344066 0.141570 0.185962
0 0.326255 0.329233 0.142857 0.180897
0 0.119047 0.323082 0.127414 0.180174
0 0.233591 0.322358 0.132561 0.170044
0 0.193050 0.654848 0.118404 0.188134
0 0.138353 0.638568 0.122265 0.209117
0 0.291505 0.709479 0.106821 0.112156
0 0.409909 0.709117 0.140283 0.101303
0 0.516087 0.717077 0.136422 0.108538
0 0.659588 0.664254 0.114543 0.109986
0 0.772201 0.671490 0.115830 0.098408
0 0.869369 0.677279 0.145432 0.092620
0 0.877092 0.949349 0.225225 0.101303
0 0.677606 0.950072 0.204633 0.099855
0 0.542471 0.950072 0.184041 0.099855
0 0.333334 0.933429 0.257400 0.133141
0 0.138353 0.929088 0.207207 0.141823
