0 0.156371 0.046310 0.307593 0.092620
0 0.348135 0.044139 0.227799 0.088277
0 0.610682 0.046309 0.202059 0.092619
0 0.828185 0.051013 0.240669 0.102027
0 0.832047 0.280029 0.235521 0.147612
0 0.564994 0.317294 0.231661 0.096238
0 0.357143 0.306079 0.199486 0.149060
0 0.147362 0.315847 0.230374 0.168596
0 0.124839 0.533285 0.195625 0.189580
0 0.314028 0.522793 0.167310 0.193199
0 0.484556 0.519175 0.209781 0.181621
0 0.620978 0.511940 0.132561 0.187410
0 0.902188 0.510492 0.169884 0.145442
0 0.759331 0.517727 0.144145 0.143994
0 0.860360 0.693198 0.181468 0.156295
0 0.689189 0.708032 0.181468 0.159913
0 0.525740 0.734443 0.202059 0.151954
0 0.138353 0.796672 0.238095 0.140377
0 0.034749 0.816571 0.069499 0.148336
0 0.120978 0.942475 0.241956 0.115050
0 0.436293 0.926194 0.226512 0.147611
0 0.568211 0.929812 0.148004 0.140376
0 0.753539 0.886035 0.137709 0.139653
0 0.877091 0.877352 0.178894 0.129522
