0 0.107744 0.195549 0.215487 0.243371
0 0.298822 0.215909 0.250842 0.214015
0 0.537036 0.205018 0.323233 0.258522
0 0.761784 0.223485 0.227273 0.223485
0 0.930135 0.223485 0.139731 0.217804
0 0.820708 0.553031 0.358585 0.261364
0 0.541245 0.583807 0.351853 0.232007
0 0.299664 0.582385 0.276095 0.263258
0 0.109428 0.581913 0.218855 0.256629
0 0.955387 0.901515 0.089225 0.195076
0 0.836700 0.902462 0.222222 0.189395
0 0.617845 0.910512 0.235691 0.178976
0 0.409933 0.910511 0.271044 0.178978
0 0.211280 0.917613 0.267676 0.164774
