0 0.089225 0.113163 0.178451 0.226325
0 0.313973 0.107481 0.267676 0.214962
0 0.550505 0.106060 0.218855 0.212120
0 0.829124 0.106060 0.341752 0.208333
0 0.935185 0.465436 0.129629 0.167615
0 0.794613 0.475378 0.272727 0.196969
0 0.568182 0.488636 0.234007 0.195076
0 0.361953 0.486269 0.235691 0.156251
0 0.191078 0.492898 0.230640 0.161933
0 0.045454 0.515625 0.090908 0.167615
0 0.957070 0.761364 0.085859 0.132576
0 0.821549 0.769413 0.239056 0.156251
0 0.614478 0.799716 0.181818 0.088069
0 0.429293 0.773200 0.208755 0.150567
0 0.187711 0.775095 0.234007 0.184658
0 0.061448 0.794035 0.122895 0.173295
0 0.053872 0.966856 0.107745 0.066287
0 0.287878 0.956913 0.154882 0.086174
0 0.741582 0.959754 0.149831 0.080493
0 0.865320 0.949337 0.124580 0.101325
