0 0.127104 0.224433 0.217171 0.191287
0 0.403198 0.223485 0.297980 0.225378
0 0.641415 0.214962 0.255893 0.221591
0 0.853535 0.503787 0.188553 0.170455
0 0.380471 0.525567 0.269360 0.168560
0 0.154882 0.548296 0.282829 0.181818
0 0.090067 0.829545 0.180135 0.208333
0 0.272727 0.837122 0.218855 0.200758
0 0.503367 0.804924 0.242424 0.191287
0 0.666667 0.784564 0.208755 0.158144
0 0.833333 0.769413 0.161616 0.182765
0 0.953704 0.743371 0.092593 0.181818
0 0.935185 0.940340 0.129629 0.119319
0 0.770202 0.955965 0.257576 0.088069
0 0.606902 0.972065 0.213805 0.055871
