0 0.050837 0.119030 0.101673 0.190304
0 0.428571 0.126267 0.200772 0.197539
0 0.225225 0.129884 0.247105 0.219247
0 0.596524 0.120116 0.274131 0.214183
0 0.852639 0.127352 0.225225 0.238784
0 0.957529 0.125543 0.084942 0.216353
0 0.046976 0.405571 0.093951 0.204776
0 0.201415 0.407743 0.220077 0.185962
0 0.393179 0.413532 0.199486 0.200434
0 0.655727 0.424747 0.240669 0.205500
0 0.855213 0.431259 0.173745 0.209841
0 0.158945 0.647251 0.294723 0.159913
0 0.330116 0.665341 0.225225 0.155571
0 0.507079 0.681620 0.244530 0.191027
0 0.740025 0.679088 0.267697 0.200434
0 0.498713 0.891823 0.230374 0.152678
0 0.913128 0.695008 0.173745 0.193199
0 0.839126 0.921491 0.236808 0.090448
