0 0.162805 0.190303 0.204633 0.183792
0 0.343630 0.192112 0.167310 0.175831
0 0.557271 0.198987 0.262548 0.159189
0 0.753539 0.200073 0.150579 0.139653
0 0.937581 0.171852 0.093952 0.141099
0 0.947233 0.450795 0.102960 0.166426
0 0.688546 0.473590 0.200772 0.128076
0 0.530244 0.481186 0.208494 0.150506
0 0.357143 0.491317 0.178894 0.149060
0 0.199485 0.489508 0.180181 0.119393
0 0.078507 0.494573 0.157015 0.123734
0 0.889317 0.688134 0.169884 0.134588
0 0.684041 0.699711 0.124839 0.101303
0 0.550837 0.705861 0.182754 0.119393
0 0.392535 0.729016 0.138996 0.067294
0 0.250965 0.708755 0.159588 0.115050
0 0.077864 0.710202 0.155728 0.141099
0 0.058558 0.922214 0.106821 0.057164
0 0.142857 0.861071 0.118404 0.089725
0 0.489703 0.864689 0.114543 0.088278
0 0.584299 0.849132 0.095239 0.089001
0 0.893822 0.866136 0.209781 0.183792
