0 0.035393 0.064038 0.070785 0.128075
0 0.138996 0.056440 0.118404 0.112879
0 0.254182 0.080318 0.117117 0.160637
0 0.365509 0.081766 0.120978 0.163532
0 0.475546 0.085384 0.119691 0.170767
0 0.593952 0.075977 0.073359 0.151954
0 0.677606 0.075977 0.114543 0.151953
0 0.777349 0.076700 0.105534 0.153400
0 0.876447 0.076700 0.102960 0.153400
0 0.961390 0.069103 0.077220 0.138206
0 0.974903 0.292691 0.050193 0.090448
0 0.911196 0.301737 0.066924 0.082489
0 0.796010 0.301737 0.132561 0.088278
0 0.667310 0.309335 0.096524 0.081765
0 0.543115 0.318740 0.090090 0.091896
0 0.451738 0.320188 0.102960 0.083213
0 0.368726 0.323806 0.122265 0.075978
0 0.268983 0.386035 0.108108 0.083213
0 0.162161 0.386396 0.097812 0.082489
0 0.057915 0.408466 0.115831 0.107815
0 0.106821 0.626628 0.213642 0.140377
0 0.280567 0.595876 0.175032 0.152678
0 0.409266 0.601664 0.193050 0.154124
0 0.535393 0.574891 0.169884 0.168596
0 0.701415 0.542330 0.198199 0.197539
0 0.912484 0.522070 0.175032 0.181621
0 0.911197 0.735528 0.177607 0.170044
0 0.759974 0.748915 0.199486 0.166426
0 0.565637 0.765918 0.220077 0.162808
0 0.320463 0.790159 0.267697 0.159189
0 0.061776 0.839002 0.123553 0.194645
