0 0.228443 0.226484 0.305019 0.247467
0 0.490991 0.241317 0.253539 0.201882
0 0.767053 0.235890 0.332046 0.234443
0 0.907336 0.261216 0.185328 0.159189
0 0.115186 0.540883 0.184041 0.175831
0 0.318533 0.542692 0.281854 0.196817
0 0.490348 0.547757 0.234235 0.196817
0 0.728443 0.573806 0.262548 0.173661
0 0.918276 0.582127 0.163449 0.177279
0 0.871300 0.890376 0.257401 0.161361
0 0.698842 0.891100 0.241956 0.168596
0 0.505792 0.872287 0.193050 0.152678
0 0.347490 0.874457 0.195625 0.117945
0 0.223938 0.854921 0.223938 0.136758
0 0.082368 0.845875 0.159588 0.138929
