0 0.121621 0.108538 0.243243 0.185238
0 0.363578 0.111071 0.279279 0.194645
0 0.614542 0.128437 0.207207 0.123734
0 0.887387 0.109624 0.225226 0.167150
0 0.120978 0.372286 0.180181 0.152678
0 0.406048 0.359986 0.176319 0.157019
0 0.574003 0.357453 0.239382 0.164978
0 0.931146 0.353111 0.137709 0.163531
0 0.793436 0.361433 0.232948 0.154124
0 0.076577 0.607090 0.153154 0.163531
0 0.241313 0.609262 0.207207 0.153401
0 0.441441 0.606005 0.167310 0.159913
0 0.604891 0.598770 0.169884 0.162808
0 0.777992 0.592620 0.209781 0.156295
0 0.937580 0.592620 0.124839 0.144718
0 0.122909 0.774240 0.129988 0.095514
0 0.273488 0.818741 0.171171 0.159913
0 0.391892 0.819464 0.137709 0.141099
0 0.537967 0.803546 0.221364 0.167150
0 0.778636 0.795948 0.172458 0.166426
0 0.933720 0.795948 0.132561 0.160637
