0 0.955387 0.090435 0.089225 0.180871
0 0.836700 0.089489 0.222222 0.178977
0 0.617845 0.107482 0.235691 0.209280
0 0.409933 0.109375 0.271044 0.213069
0 0.211280 0.123105 0.267676 0.212122
0 0.102694 0.428504 0.205388 0.201704
0 0.282829 0.419982 0.218855 0.201704
0 0.486533 0.406251 0.222222 0.193182
0 0.656565 0.396307 0.158249 0.169507
0 0.821549 0.371213 0.178451 0.196969
0 0.950336 0.601325 0.099327 0.200758
0 0.813131 0.642045 0.228956 0.196969
0 0.603535 0.694602 0.338384 0.190342
0 0.180135 0.702178 0.360269 0.228220
