0 0.120978 0.087916 0.241956 0.175832
0 0.338482 0.100941 0.193050 0.178727
0 0.564993 0.088278 0.290862 0.166426
0 0.814672 0.102387 0.280566 0.200434
0 0.142214 0.365775 0.225225 0.164254
0 0.363578 0.366860 0.227799 0.154848
0 0.564993 0.368306 0.211068 0.151954
0 0.848777 0.358901 0.168597 0.156295
0 0.951094 0.363242 0.097812 0.162084
0 0.295367 0.591172 0.196912 0.179451
0 0.469112 0.613965 0.230374 0.177279
0 0.682111 0.608901 0.218790 0.146888
0 0.857143 0.607814 0.195625 0.162084
0 0.971043 0.606729 0.057914 0.164254
0 0.227156 0.829233 0.256113 0.196817
0 0.510940 0.780752 0.146719 0.096961
0 0.673745 0.835022 0.178894 0.149060
0 0.935006 0.819827 0.129988 0.160637
0 0.815315 0.829233 0.127414 0.151954
