0 0.079150 0.219972 0.158301 0.231549
0 0.469756 0.242764 0.285715 0.222142
0 0.669884 0.235166 0.214930 0.204052
0 0.839124 0.226122 0.185328 0.204776
0 0.898971 0.506512 0.199486 0.173661
0 0.743244 0.514472 0.222651 0.141823
0 0.590091 0.517005 0.248392 0.175831
0 0.399615 0.524964 0.263836 0.183068
0 0.193050 0.526049 0.314028 0.193921
0 0.053411 0.547033 0.106822 0.183792
0 0.215573 0.764110 0.222651 0.151954
0 0.413128 0.763386 0.187902 0.130246
0 0.620335 0.767366 0.177606 0.161361
0 0.810811 0.746382 0.213643 0.178727
0 0.572716 0.944645 0.236808 0.110710
0 0.843629 0.941028 0.184041 0.093342
