0 0.089447 0.134587 0.178893 0.205500
0 0.300515 0.162808 0.297297 0.191027
0 0.488417 0.169682 0.209781 0.175831
0 0.728443 0.149783 0.133848 0.167872
0 0.824324 0.159914 0.122265 0.175109
0 0.928571 0.150507 0.142857 0.176555
0 0.969756 0.550289 0.060489 0.097684
0 0.883526 0.544863 0.122265 0.099855
0 0.795367 0.492402 0.149292 0.193199
0 0.701415 0.476122 0.146719 0.206946
0 0.452381 0.490232 0.250966 0.148336
0 0.259974 0.458756 0.277992 0.159189
0 0.081725 0.461289 0.163449 0.154124
0 0.035393 0.713098 0.070785 0.130970
0 0.119691 0.753980 0.195625 0.085383
0 0.295367 0.745297 0.191763 0.159189
0 0.465894 0.755789 0.200772 0.148336
0 0.684041 0.787989 0.186615 0.153401
0 0.895753 0.812590 0.208494 0.164978
0 0.209782 0.924022 0.131274 0.108538
0 0.334621 0.926918 0.157014 0.108538
