0 0.854376 0.197444 0.284511 0.233902
0 0.409091 0.187027 0.239056 0.243371
0 0.644782 0.177556 0.245791 0.226325
0 0.076599 0.188447 0.153198 0.212122
0 0.203704 0.185605 0.205387 0.202651
0 0.050505 0.504735 0.101011 0.189395
0 0.176767 0.507102 0.218855 0.205493
0 0.425084 0.501420 0.297980 0.207385
0 0.818182 0.502842 0.181818 0.178031
0 0.650673 0.495738 0.297980 0.197916
0 0.749158 0.767518 0.252525 0.214962
0 0.505051 0.763731 0.235691 0.207385
0 0.307238 0.783618 0.227273 0.201704
0 0.083333 0.771780 0.166665 0.160985
0 0.262625 0.960227 0.225589 0.079545
0 0.608585 0.983428 0.244107 0.033144
