0 0.147362 0.056802 0.173745 0.113603
0 0.294724 0.057525 0.133848 0.115050
0 0.373230 0.065123 0.157014 0.130246
0 0.493565 0.060420 0.191763 0.120840
0 0.657015 0.053907 0.109396 0.107815
0 0.775418 0.051375 0.117117 0.102750
0 0.904119 0.053184 0.160876 0.106368
0 0.113256 0.353112 0.157014 0.198263
0 0.216216 0.364327 0.151866 0.203328
0 0.338481 0.370115 0.131274 0.206224
0 0.436936 0.366497 0.140283 0.201882
0 0.572073 0.378437 0.150579 0.192475
0 0.706564 0.380607 0.175032 0.218524
0 0.613256 0.244935 0.292149 0.065847
0 0.841699 0.387481 0.180181 0.227930
0 0.938868 0.384226 0.119691 0.204052
0 0.117761 0.643994 0.129988 0.091172
0 0.264478 0.648336 0.114543 0.108538
0 0.431146 0.649782 0.162163 0.096961
0 0.575933 0.663531 0.142857 0.096961
0 0.734234 0.663531 0.124839 0.096961
0 0.873230 0.668596 0.122265 0.089725
0 0.752895 0.921129 0.347490 0.157743
0 0.478121 0.917872 0.317890 0.164256
0 0.233591 0.909551 0.297297 0.180897
0 0.068855 0.920043 0.137710 0.159913
