0 0.166023 0.254703 0.231661 0.231549
0 0.395110 0.255789 0.280566 0.225036
0 0.640284 0.254703 0.240669 0.231549
0 0.862291 0.267729 0.267697 0.208394
0 0.094595 0.553907 0.189190 0.191751
0 0.281853 0.541606 0.167310 0.170044
0 0.710425 0.561505 0.169884 0.173661
0 0.519305 0.560781 0.204633 0.172214
0 0.902188 0.565123 0.193050 0.176555
0 0.090090 0.805716 0.167310 0.194645
0 0.384813 0.814761 0.198199 0.180897
0 0.246460 0.804631 0.186615 0.182344
0 0.572716 0.823082 0.187902 0.155571
0 0.736164 0.822721 0.157014 0.156295
0 0.869370 0.823806 0.184041 0.197539
