0 0.034749 0.383864 0.069497 0.148336
0 0.134492 0.386397 0.204633 0.147612
0 0.904119 0.386397 0.189189 0.143271
0 0.638353 0.389653 0.193050 0.162808
0 0.142857 0.563314 0.167310 0.126628
0 0.058558 0.567656 0.117117 0.116498
0 0.644787 0.566571 0.203346 0.130246
0 0.819176 0.558973 0.168597 0.122287
0 0.782497 0.715629 0.205920 0.109986
0 0.658945 0.725036 0.138996 0.114328
0 0.137066 0.737700 0.209781 0.106368
0 0.177606 0.884949 0.159588 0.107091
0 0.055985 0.892547 0.111970 0.110708
0 0.595238 0.980825 0.135135 0.038350
0 0.698841 0.973951 0.113255 0.052099
0 0.814672 0.969971 0.169884 0.060057
