0 0.107870 0.096094 0.215741 0.186979
0 0.256944 0.109635 0.158333 0.125521
0 0.406944 0.101562 0.197222 0.161458
0 0.596759 0.103385 0.184259 0.166146
0 0.791667 0.102604 0.192593 0.163542
0 0.936574 0.100000 0.125000 0.166667
0 0.182870 0.339844 0.191667 0.166146
0 0.448611 0.345313 0.171296 0.161458
0 0.606944 0.346354 0.160185 0.141667
0 0.797685 0.344531 0.237963 0.153646
0 0.129630 0.551562 0.114815 0.125000
0 0.277778 0.550521 0.162963 0.131250
0 0.449537 0.554948 0.158333 0.120313
0 0.596296 0.552083 0.177778 0.126042
0 0.776852 0.564323 0.183333 0.128646
0 0.849537 0.753906 0.186111 0.125521
0 0.682407 0.745573 0.192593 0.123438
0 0.538426 0.733594 0.160185 0.129688
0 0.122222 0.716927 0.205556 0.147396
0 0.267593 0.718490 0.172222 0.149479
0 0.069907 0.876563 0.113889 0.129167
0 0.172222 0.872135 0.112963 0.119271
0 0.275463 0.873958 0.150926 0.116667
0 0.490741 0.899479 0.181481 0.145833
0 0.562500 0.889583 0.097222 0.115625
0 0.688426 0.869271 0.104630 0.073958
0 0.833796 0.910937 0.143519 0.123958
0 0.938889 0.912760 0.120370 0.124479
