0 0.091377 0.184515 0.182754 0.205500
0 0.236164 0.193199 0.266410 0.196817
0 0.377735 0.197539 0.220077 0.199711
0 0.525740 0.206585 0.238095 0.172938
0 0.760617 0.188495 0.252252 0.191751
0 0.909910 0.209841 0.180180 0.166426
0 0.103604 0.462011 0.207207 0.188856
0 0.379665 0.467801 0.290862 0.133864
0 0.797941 0.464183 0.254826 0.168596
0 0.066280 0.692474 0.132561 0.189580
0 0.213643 0.697539 0.177606 0.191027
0 0.400901 0.693922 0.232948 0.192475
0 0.557272 0.698626 0.164737 0.165702
0 0.712355 0.712735 0.184041 0.149060
0 0.868082 0.712735 0.196912 0.146165
0 0.091377 0.925471 0.182754 0.124457
0 0.450450 0.909189 0.221364 0.159913
0 0.671814 0.908828 0.175032 0.175109
0 0.859718 0.906296 0.164737 0.170044
