0 0.231660 0.235890 0.311454 0.133140
0 0.518662 0.236252 0.311454 0.126628
0 0.771557 0.240593 0.351352 0.112156
0 0.050837 0.508321 0.101673 0.190304
0 0.428571 0.515558 0.200772 0.197539
0 0.225225 0.519175 0.247105 0.219247
0 0.596524 0.509407 0.274131 0.214183
0 0.852639 0.516643 0.225225 0.238784
0 0.957529 0.514834 0.084942 0.216353
0 0.046976 0.794862 0.093951 0.204776
0 0.201415 0.797033 0.220077 0.185962
0 0.393179 0.802823 0.199486 0.200434
0 0.655727 0.814038 0.240669 0.205500
0 0.855213 0.820550 0.173745 0.209841
