0 0.249679 0.088640 0.249679 0.177279
0 0.512227 0.039074 0.200772 0.078147
0 0.540541 0.129522 0.205920 0.114328
0 0.758687 0.110347 0.271557 0.161361
0 0.787645 0.024240 0.262548 0.048480
0 0.951094 0.106729 0.097812 0.184515
0 0.198842 0.377352 0.235521 0.174385
0 0.518661 0.366136 0.236808 0.237337
0 0.759330 0.369754 0.265123 0.237337
0 0.926641 0.371201 0.146718 0.218524
0 0.238095 0.621563 0.229086 0.166426
0 0.743886 0.641824 0.213643 0.157743
0 0.536679 0.609262 0.267697 0.222866
0 0.906049 0.649060 0.187903 0.153401
0 0.099743 0.843705 0.199485 0.195369
0 0.258687 0.846237 0.159588 0.194645
0 0.521879 0.851303 0.245817 0.198987
0 0.658945 0.843344 0.193050 0.165702
0 0.882239 0.848770 0.235521 0.186686
