0 0.205920 0.130607 0.337195 0.194645
0 0.536680 0.136758 0.241956 0.182344
0 0.738738 0.153763 0.146719 0.165702
0 0.893178 0.150869 0.198199 0.171491
0 0.868083 0.445007 0.243243 0.179451
0 0.694981 0.431982 0.180181 0.211288
0 0.492921 0.425470 0.270270 0.195369
0 0.285070 0.429088 0.207207 0.193921
0 0.093308 0.426918 0.186615 0.199711
0 0.075290 0.712373 0.150580 0.172938
0 0.245174 0.708394 0.209781 0.164978
0 0.368083 0.698263 0.149292 0.150506
0 0.586229 0.701157 0.191763 0.170767
0 0.759974 0.691389 0.189189 0.164254
0 0.911196 0.689580 0.151866 0.147612
0 0.945302 0.894356 0.109395 0.121563
0 0.908624 0.905211 0.162163 0.134588
0 0.772844 0.920766 0.194337 0.123734
0 0.629988 0.917149 0.209781 0.128076
0 0.500644 0.920044 0.185328 0.152678
0 0.391892 0.917511 0.222651 0.164979
0 0.249034 0.923299 0.153153 0.153402
0 0.103604 0.930897 0.207207 0.138205
