0 0.035353 0.154830 0.070706 0.309659
0 0.144782 0.159564 0.141415 0.277462
0 0.396465 0.167615 0.159933 0.251895
0 0.502525 0.176609 0.183502 0.269887
0 0.678451 0.176609 0.161616 0.285038
0 0.809764 0.170927 0.097644 0.258522
0 0.872055 0.200284 0.084175 0.262311
0 0.949495 0.188447 0.101011 0.242424
0 0.052189 0.565340 0.104377 0.183713
0 0.177609 0.593276 0.153198 0.252842
0 0.323233 0.597538 0.158249 0.251895
0 0.467171 0.602273 0.156565 0.261364
0 0.622055 0.587122 0.095960 0.242424
0 0.731482 0.589015 0.149831 0.238636
0 0.861953 0.591382 0.138047 0.237689
0 0.962121 0.594696 0.075758 0.231060
0 0.936027 0.439395 0.127946 0.064395
0 0.886364 0.904356 0.173400 0.115531
0 0.718013 0.914300 0.126262 0.107007
0 0.555556 0.926609 0.117845 0.120265
0 0.436027 0.928504 0.134680 0.108902
0 0.327442 0.933238 0.159933 0.099433
0 0.196969 0.980114 0.141415 0.039773
0 0.060605 0.980587 0.121211 0.038826
