0 0.077220 0.096600 0.154441 0.185962
0 0.275418 0.093343 0.262548 0.186686
0 0.481338 0.106368 0.203346 0.189580
0 0.741956 0.107092 0.263836 0.185238
0 0.884170 0.106729 0.231660 0.188856
0 0.090090 0.381693 0.180180 0.184515
0 0.259331 0.386396 0.235521 0.140377
0 0.458815 0.382055 0.214930 0.175109
0 0.664737 0.380608 0.238095 0.178003
0 0.874517 0.387120 0.160876 0.164978
0 0.907979 0.624819 0.184042 0.183068
0 0.738095 0.608901 0.196912 0.145442
0 0.557272 0.601303 0.254826 0.147612
0 0.415058 0.560057 0.166023 0.101303
0 0.220077 0.610710 0.267697 0.178003
0 0.083655 0.617221 0.167309 0.150506
0 0.045689 0.808249 0.091378 0.151954
0 0.889962 0.819464 0.196912 0.126628
