0 0.134492 0.035456 0.204633 0.070912
0 0.904119 0.034370 0.189189 0.068741
0 0.638353 0.040883 0.193050 0.081766
0 0.142857 0.174024 0.167310 0.126628
0 0.058558 0.178365 0.117117 0.116498
0 0.644787 0.177280 0.203346 0.130246
0 0.819176 0.169682 0.168597 0.122287
0 0.782497 0.326338 0.205920 0.109986
0 0.658945 0.335745 0.138996 0.114328
0 0.137066 0.348409 0.209781 0.106368
0 0.177606 0.495658 0.159588 0.107091
0 0.055985 0.503256 0.111970 0.110708
0 0.205921 0.642909 0.167310 0.102027
0 0.595238 0.624458 0.135135 0.104197
0 0.698841 0.612156 0.113255 0.107091
0 0.814672 0.602027 0.169884 0.102749
0 0.205921 0.784732 0.187902 0.089001
