0 0.026384 0.170044 0.052767 0.246020
0 0.106822 0.174746 0.177606 0.252533
0 0.235521 0.178364 0.154440 0.245297
0 0.409266 0.180897 0.177606 0.240232
0 0.546332 0.182706 0.137709 0.158465
0 0.738738 0.195369 0.151866 0.254703
0 0.860360 0.186686 0.220077 0.243126
0 0.945302 0.193199 0.109395 0.259044
0 0.957529 0.585746 0.084943 0.217801
0 0.887388 0.584298 0.150579 0.220694
0 0.616473 0.570550 0.167310 0.212011
0 0.478764 0.566571 0.172458 0.188134
0 0.386745 0.559697 0.137709 0.204776
0 0.236808 0.538711 0.141570 0.185962
0 0.131917 0.523878 0.142857 0.180897
0 0.052767 0.517004 0.105534 0.170044
0 0.028958 0.849493 0.057915 0.188134
0 0.097168 0.904124 0.106821 0.112156
0 0.215572 0.903763 0.140283 0.101303
0 0.321750 0.911722 0.136422 0.108538
0 0.465251 0.858900 0.114543 0.109986
0 0.577864 0.866135 0.115830 0.098408
0 0.675032 0.871925 0.145432 0.092620
0 0.846203 0.884225 0.142857 0.109986
0 0.966538 0.895080 0.066924 0.117221
