0 0.185328 0.078510 0.290862 0.133864
0 0.603604 0.079595 0.254826 0.159190
0 0.911196 0.082489 0.172458 0.164979
0 0.054054 0.308248 0.108109 0.191027
0 0.206564 0.304631 0.232948 0.192475
0 0.362934 0.309335 0.164737 0.165702
0 0.518018 0.323445 0.184041 0.149060
0 0.673745 0.323445 0.196912 0.146165
0 0.882239 0.327786 0.220077 0.146165
0 0.256113 0.519899 0.221364 0.159913
0 0.477477 0.519537 0.175032 0.175109
0 0.931789 0.531476 0.136423 0.151230
0 0.665380 0.517005 0.164737 0.170044
0 0.247105 0.733719 0.216217 0.169320
0 0.377735 0.715268 0.135135 0.168596
0 0.633204 0.712011 0.175032 0.150506
0 0.884814 0.741317 0.220077 0.174385
