0 0.941441 0.197177 0.114543 0.210564
0 0.819176 0.196455 0.199486 0.217801
0 0.691764 0.195007 0.150579 0.220694
0 0.420849 0.181259 0.167310 0.212011
0 0.283140 0.177280 0.172458 0.188134
0 0.191120 0.170406 0.137709 0.204776
0 0.055984 0.149421 0.111969 0.185962
0 0.045045 0.514472 0.090090 0.101303
0 0.126126 0.522431 0.136422 0.108538
0 0.269627 0.469609 0.114543 0.109986
0 0.382240 0.476844 0.115830 0.098408
0 0.479408 0.482634 0.145432 0.092620
0 0.650579 0.494934 0.142857 0.109986
0 0.815316 0.505789 0.155727 0.117221
0 0.692407 0.786180 0.277992 0.235167
0 0.487131 0.800289 0.225225 0.192475
0 0.287645 0.794139 0.204633 0.177279
0 0.152510 0.771708 0.184041 0.132416
