0 0.048906 0.197539 0.097812 0.199711
0 0.135779 0.206585 0.238095 0.172938
0 0.370656 0.188495 0.252252 0.191751
0 0.532175 0.209841 0.204633 0.166426
0 0.729730 0.196817 0.229086 0.172214
0 0.909910 0.193921 0.175032 0.172214
0 0.067567 0.467801 0.135135 0.133864
0 0.407979 0.464183 0.254826 0.168596
0 0.715572 0.470333 0.172458 0.167872
0 0.902832 0.472142 0.191763 0.158465
0 0.063707 0.693922 0.127414 0.192475
0 0.167310 0.698626 0.164737 0.165702
0 0.322394 0.712735 0.184041 0.149060
0 0.478121 0.712735 0.196912 0.146165
0 0.686615 0.717077 0.220077 0.146165
0 0.878378 0.717801 0.227799 0.153401
0 0.085585 0.909189 0.171171 0.159913
0 0.281853 0.908828 0.175032 0.175109
0 0.784427 0.920766 0.232948 0.151230
0 0.469756 0.906296 0.164737 0.170044
0 0.918919 0.929450 0.159588 0.141099
