0 0.052189 0.156249 0.104377 0.183713
0 0.177609 0.184185 0.153198 0.252842
0 0.323233 0.188447 0.158249 0.251895
0 0.467171 0.193182 0.156565 0.261364
0 0.622055 0.178031 0.095960 0.242424
0 0.731482 0.179924 0.149831 0.238636
0 0.861953 0.182291 0.138047 0.237689
0 0.962121 0.185605 0.075758 0.231060
0 0.936027 0.031250 0.127946 0.062501
0 0.886364 0.495265 0.173400 0.115531
0 0.718013 0.505209 0.126262 0.107007
0 0.555556 0.517518 0.117845 0.120265
0 0.436027 0.519413 0.134680 0.108902
0 0.327442 0.524147 0.159933 0.099433
0 0.196969 0.605587 0.141415 0.108902
0 0.060605 0.606060 0.121211 0.107955
0 0.062290 0.914299 0.124579 0.171402
0 0.212122 0.880209 0.228956 0.199811
0 0.380471 0.887784 0.252525 0.201704
0 0.545455 0.852745 0.222222 0.220644
0 0.762625 0.810133 0.259260 0.258522
0 0.962121 0.783618 0.075757 0.237689
