0 0.156371 0.184877 0.307593 0.204776
0 0.348135 0.191389 0.227799 0.183068
0 0.610682 0.213820 0.202059 0.146888
0 0.828185 0.207309 0.240669 0.178727
0 0.832047 0.474675 0.235521 0.147612
0 0.564994 0.511940 0.231661 0.096238
0 0.357143 0.500724 0.199486 0.149060
0 0.147362 0.510492 0.230374 0.168596
0 0.124839 0.727930 0.195625 0.189580
0 0.314028 0.717438 0.167310 0.193199
0 0.484556 0.713820 0.209781 0.181621
0 0.620978 0.706585 0.132561 0.187410
0 0.902188 0.705137 0.169884 0.145442
0 0.759331 0.712373 0.144145 0.143994
0 0.860360 0.887843 0.181468 0.156295
0 0.689189 0.902678 0.181468 0.159913
0 0.525740 0.926556 0.202059 0.146889
0 0.138353 0.960565 0.238095 0.078871
