0 0.202702 0.036541 0.225225 0.073083
0 0.446589 0.044139 0.380952 0.088278
0 0.698198 0.043415 0.276705 0.086830
0 0.842343 0.045586 0.209781 0.091172
0 0.196912 0.304631 0.283141 0.124457
0 0.487774 0.295587 0.311454 0.184515
0 0.766409 0.299566 0.212356 0.157743
0 0.079794 0.537265 0.154440 0.209117
0 0.247105 0.538713 0.231661 0.214907
0 0.435006 0.533285 0.164737 0.192475
0 0.618404 0.535817 0.281854 0.212011
0 0.807594 0.534371 0.204633 0.200434
0 0.951094 0.539798 0.097812 0.198263
0 0.099743 0.771345 0.199485 0.196817
0 0.241313 0.807525 0.196912 0.134588
0 0.425997 0.788350 0.231661 0.139653
0 0.855856 0.784732 0.252252 0.167150
0 0.818533 0.944646 0.213643 0.110709
0 0.449163 0.948987 0.187902 0.102027
0 0.924711 0.946816 0.145432 0.106367
0 0.225869 0.948987 0.168597 0.102026
0 0.090090 0.947178 0.180181 0.105644
0 0.635778 0.721057 0.157014 0.094790
