0 0.075463 0.113802 0.150926 0.139063
0 0.215741 0.114844 0.185185 0.144271
0 0.390741 0.118490 0.181481 0.147396
0 0.558796 0.123958 0.208333 0.139583
0 0.731944 0.126302 0.199074 0.138021
0 0.917130 0.134896 0.163889 0.126042
0 0.087037 0.335677 0.174074 0.142187
0 0.243519 0.352865 0.138889 0.128646
0 0.406481 0.343750 0.209259 0.119792
0 0.586111 0.353906 0.201852 0.144271
0 0.758796 0.366927 0.156481 0.085938
0 0.944444 0.353906 0.109259 0.128646
0 0.102315 0.543490 0.162037 0.118229
0 0.261574 0.544271 0.163889 0.111458
0 0.406481 0.545312 0.151852 0.109375
0 0.610648 0.538542 0.121296 0.112500
0 0.730093 0.541667 0.162037 0.116667
0 0.899074 0.548438 0.185185 0.100000
0 0.212500 0.705729 0.141667 0.129167
0 0.337500 0.722135 0.165741 0.127604
0 0.490741 0.718490 0.157407 0.105729
0 0.616667 0.717708 0.140741 0.116667
0 0.743519 0.716927 0.131481 0.118229
0 0.880093 0.717969 0.163889 0.116146
0 0.163426 0.877083 0.184259 0.141667
0 0.367593 0.842187 0.105556 0.069792
0 0.484722 0.881250 0.128704 0.107292
0 0.694907 0.870313 0.137963 0.115625
0 0.586574 0.877083 0.091667 0.109375
0 0.861111 0.869531 0.137037 0.124479
