0 0.723938 0.061866 0.111970 0.123733
0 0.851352 0.064038 0.158301 0.128076
0 0.945946 0.068017 0.108107 0.136034
0 0.315316 0.048842 0.316603 0.097685
0 0.525097 0.060420 0.211068 0.120840
0 0.080438 0.058249 0.160875 0.116498
0 0.089447 0.329233 0.178893 0.205500
0 0.300515 0.357453 0.297297 0.191027
0 0.488417 0.364327 0.209781 0.175831
0 0.728443 0.344429 0.133848 0.167872
0 0.824324 0.354559 0.122265 0.175109
0 0.928571 0.345152 0.142857 0.176555
0 0.969756 0.744935 0.060489 0.097684
0 0.883526 0.739508 0.122265 0.099855
0 0.795367 0.687047 0.149292 0.193199
0 0.701415 0.670767 0.146719 0.206946
0 0.452381 0.684877 0.250966 0.148336
0 0.259974 0.653401 0.277992 0.159189
0 0.081725 0.655934 0.163449 0.154124
0 0.035393 0.907743 0.070785 0.130970
0 0.119691 0.948626 0.195625 0.085383
0 0.295367 0.930174 0.191763 0.139652
0 0.465894 0.938133 0.200772 0.123733
0 0.684041 0.952967 0.186615 0.094067
0 0.895753 0.962373 0.208494 0.075253
