0 0.023810 0.134588 0.047619 0.241678
0 0.148005 0.136035 0.126126 0.209841
0 0.258044 0.137481 0.063063 0.198263
0 0.348135 0.128798 0.111970 0.204052
0 0.471042 0.117945 0.108108 0.150506
0 0.761262 0.150506 0.341055 0.232995
0 0.677607 0.506874 0.204633 0.238061
0 0.926641 0.488422 0.144145 0.224312
0 0.464608 0.503618 0.149292 0.211288
0 0.335907 0.499276 0.141570 0.202604
0 0.214285 0.496744 0.114543 0.201882
0 0.109395 0.493487 0.120978 0.214183
0 0.021236 0.488784 0.042472 0.206224
0 0.032175 0.767004 0.064350 0.099855
0 0.147362 0.763386 0.119691 0.092620
0 0.289575 0.772432 0.095239 0.116498
0 0.399615 0.789074 0.114543 0.117945
0 0.694338 0.809334 0.235521 0.191751
0 0.899614 0.824891 0.198199 0.163531
