0 0.103604 0.083574 0.207207 0.167149
0 0.379665 0.078510 0.290862 0.133864
0 0.797941 0.079595 0.254826 0.159190
0 0.066280 0.303183 0.132561 0.189580
0 0.213643 0.308248 0.177606 0.191027
0 0.400901 0.304631 0.232948 0.192475
0 0.557272 0.309335 0.164737 0.165702
0 0.712355 0.323445 0.184041 0.149060
0 0.868082 0.323445 0.196912 0.146165
0 0.091377 0.536180 0.182754 0.124457
0 0.450450 0.519899 0.221364 0.159913
0 0.671814 0.519537 0.175032 0.175109
0 0.859718 0.517005 0.164737 0.170044
0 0.112613 0.708393 0.176319 0.159189
0 0.441442 0.733719 0.216217 0.169320
0 0.572072 0.715268 0.135135 0.168596
0 0.827541 0.712011 0.175032 0.150506
