0 0.254182 0.277497 0.266410 0.230825
0 0.623552 0.285095 0.238095 0.224312
0 0.843629 0.286541 0.222651 0.196817
0 0.180181 0.571635 0.159588 0.173661
0 0.386101 0.570188 0.226512 0.182344
0 0.624839 0.576339 0.220077 0.167150
0 0.828828 0.572358 0.247105 0.175109
0 0.907335 0.841172 0.185329 0.171491
0 0.748391 0.824530 0.222651 0.180174
0 0.169884 0.801375 0.285715 0.204776
0 0.371944 0.803546 0.239382 0.207670
0 0.097168 0.966715 0.158301 0.066570
0 0.239382 0.967076 0.157014 0.065847
0 0.382883 0.969247 0.209781 0.061506
