0 0.322394 0.194645 0.333334 0.192475
0 0.641571 0.230825 0.305019 0.102749
0 0.866796 0.241678 0.263836 0.101303
0 0.108108 0.195008 0.216216 0.168596
0 0.105534 0.482634 0.211068 0.186686
0 0.285714 0.495659 0.203346 0.189580
0 0.546332 0.496383 0.263836 0.185238
0 0.702703 0.496020 0.259974 0.188856
0 0.893822 0.498915 0.209781 0.200434
0 0.090734 0.775687 0.181467 0.140377
0 0.263191 0.771345 0.214930 0.175109
0 0.469113 0.769899 0.238095 0.178003
0 0.678893 0.776411 0.160876 0.164978
0 0.876448 0.776050 0.244530 0.187410
0 0.911840 0.961288 0.173745 0.077425
0 0.734234 0.961288 0.227799 0.077424
0 0.542471 0.962735 0.196912 0.074529
0 0.361648 0.958394 0.254826 0.083213
0 0.219434 0.949348 0.166023 0.101303
