0 0.900673 0.076231 0.195285 0.152463
0 0.593435 0.090435 0.183502 0.180871
0 0.427609 0.089489 0.222222 0.178977
0 0.208755 0.107482 0.235691 0.209280
0 0.068182 0.109375 0.136364 0.213069
0 0.094276 0.406251 0.188553 0.193182
0 0.247475 0.396307 0.158249 0.169507
0 0.412458 0.371213 0.178451 0.196969
0 0.690236 0.344696 0.316498 0.195076
0 0.866162 0.307765 0.264309 0.206440
0 0.859427 0.580965 0.210438 0.199811
0 0.605218 0.601325 0.227273 0.200758
0 0.404040 0.642045 0.228956 0.196969
0 0.194444 0.694602 0.338384 0.190342
