0 0.119048 0.063314 0.142857 0.126629
0 0.216859 0.057526 0.202059 0.115051
0 0.342986 0.056802 0.173745 0.113603
0 0.490348 0.057525 0.133848 0.115050
0 0.568854 0.065123 0.157014 0.130246
0 0.689189 0.060420 0.191763 0.120840
0 0.852639 0.053907 0.109396 0.107815
0 0.956242 0.051375 0.087516 0.102750
0 0.068854 0.352388 0.137709 0.205500
0 0.308880 0.353112 0.157014 0.198263
0 0.411840 0.364327 0.151866 0.203328
0 0.534105 0.370115 0.131274 0.206224
0 0.632561 0.366497 0.140283 0.201882
0 0.767697 0.378437 0.150579 0.192475
0 0.902188 0.380607 0.175032 0.218524
0 0.808880 0.244935 0.292149 0.065847
0 0.051480 0.635673 0.087516 0.104921
0 0.160876 0.638205 0.090090 0.096961
0 0.313385 0.643994 0.129988 0.091172
0 0.460102 0.648336 0.114543 0.108538
0 0.626770 0.649782 0.162163 0.096961
0 0.771557 0.663531 0.142857 0.096961
0 0.929858 0.663531 0.124839 0.096961
0 0.887387 0.921129 0.225226 0.157743
0 0.673745 0.917872 0.317890 0.164256
0 0.429215 0.909551 0.297297 0.180897
0 0.211712 0.920043 0.243243 0.159913
0 0.054054 0.926918 0.108109 0.146164
