0 0.072072 0.179088 0.144145 0.177279
0 0.268340 0.182344 0.238095 0.183792
0 0.510940 0.189942 0.247105 0.190304
0 0.749035 0.208755 0.290862 0.210564
0 0.954955 0.212735 0.090090 0.167872
0 0.093952 0.505066 0.162163 0.176555
0 0.306306 0.497829 0.262548 0.185238
0 0.557915 0.500361 0.279279 0.194645
0 0.808880 0.517728 0.207207 0.123734
0 0.113255 0.755788 0.223938 0.158465
0 0.315316 0.761577 0.180181 0.152678
0 0.600385 0.749277 0.176319 0.157019
0 0.768340 0.746744 0.239382 0.164978
0 0.935650 0.750724 0.128701 0.154124
0 0.064350 0.951881 0.128700 0.096238
0 0.249035 0.957308 0.196912 0.085384
0 0.435650 0.960926 0.207207 0.078148
0 0.635778 0.957670 0.167310 0.084660
0 0.799228 0.953328 0.169884 0.093343
0 0.933719 0.951881 0.132561 0.096237
