0 0.151222 0.048119 0.207207 0.096237
0 0.358430 0.043777 0.204633 0.087554
0 0.539254 0.042691 0.167310 0.085383
0 0.752895 0.041968 0.262548 0.083936
0 0.936937 0.037627 0.126126 0.075254
0 0.884170 0.278944 0.200772 0.128076
0 0.725869 0.286541 0.208494 0.150506
0 0.552767 0.296671 0.178894 0.149060
0 0.395109 0.294863 0.180181 0.119393
0 0.264479 0.299928 0.176319 0.123734
0 0.093951 0.317294 0.187901 0.128076
0 0.879665 0.505065 0.124839 0.101303
0 0.746461 0.511216 0.182754 0.119393
0 0.588160 0.534371 0.138996 0.067294
0 0.446589 0.514109 0.159588 0.115050
0 0.261905 0.515557 0.178894 0.141099
0 0.114543 0.530029 0.195625 0.132416
0 0.153153 0.678365 0.095239 0.083213
0 0.254182 0.727568 0.106821 0.057164
0 0.338481 0.666426 0.118404 0.089725
0 0.685328 0.670043 0.114543 0.088278
0 0.779923 0.654486 0.095239 0.089001
