0 0.153154 0.036180 0.252252 0.072360
0 0.386743 0.037264 0.289575 0.074529
0 0.627413 0.038350 0.276705 0.076700
0 0.884814 0.040159 0.227799 0.080319
0 0.175032 0.282923 0.290862 0.166426
0 0.424710 0.297033 0.280566 0.200434
0 0.664736 0.315123 0.217503 0.119393
0 0.922779 0.297033 0.151866 0.178727
0 0.043758 0.561505 0.087516 0.154848
0 0.175032 0.562952 0.211068 0.151954
0 0.458816 0.553546 0.168597 0.156295
0 0.624840 0.557888 0.225225 0.162084
0 0.859717 0.567294 0.257400 0.138929
0 0.097169 0.808610 0.194337 0.177279
0 0.292150 0.803546 0.218790 0.146888
0 0.467182 0.802460 0.195625 0.162084
0 0.643501 0.801375 0.182754 0.164254
0 0.833334 0.802822 0.227799 0.161361
0 0.120979 0.963458 0.146719 0.073083
0 0.283783 0.977569 0.178894 0.044863
0 0.575933 0.967077 0.191763 0.065846
0 0.425354 0.973951 0.127414 0.052099
0 0.806950 0.963459 0.190476 0.073083
