0 0.033670 0.167615 0.067341 0.251895
0 0.093435 0.176609 0.183502 0.269887
0 0.269360 0.176609 0.161616 0.285038
0 0.400673 0.170927 0.097644 0.258522
0 0.462964 0.200284 0.084175 0.262311
0 0.561447 0.188447 0.143098 0.242424
0 0.724747 0.148675 0.143098 0.174242
0 0.817340 0.203598 0.075758 0.221591
0 0.888047 0.214962 0.122896 0.244318
0 0.068181 0.602273 0.136363 0.261364
0 0.212964 0.587122 0.095960 0.242424
0 0.322391 0.589015 0.149831 0.238636
0 0.452862 0.591382 0.138047 0.237689
0 0.582491 0.594696 0.134680 0.231060
0 0.702020 0.584755 0.117845 0.211175
0 0.654040 0.439395 0.382155 0.064395
0 0.790404 0.590909 0.156565 0.231060
0 0.907407 0.580018 0.131313 0.239584
0 0.889731 0.883524 0.119529 0.113636
0 0.744107 0.892518 0.131313 0.118371
0 0.627945 0.904356 0.087542 0.107955
0 0.477273 0.904356 0.173400 0.115531
0 0.308922 0.914300 0.126262 0.107007
0 0.146465 0.926609 0.117845 0.120265
0 0.047138 0.928504 0.094276 0.108902
