0 0.936294 0.221779 0.127413 0.149784
0 0.794079 0.206946 0.169884 0.164978
0 0.613900 0.198263 0.252252 0.192475
0 0.389962 0.191751 0.244530 0.205500
0 0.173102 0.180897 0.243243 0.195369
0 0.216217 0.472142 0.195625 0.187410
0 0.409909 0.484082 0.166023 0.146165
0 0.620978 0.483358 0.227799 0.172214
0 0.803089 0.476845 0.195625 0.169320
0 0.946589 0.697539 0.106822 0.130246
0 0.603603 0.714182 0.205920 0.128798
0 0.243243 0.738785 0.203346 0.153401
0 0.431145 0.731549 0.216217 0.138929
0 0.346203 0.933430 0.208494 0.133140
0 0.521236 0.937771 0.167310 0.124457
0 0.697555 0.927279 0.185328 0.145442
0 0.822394 0.912083 0.159588 0.120839
0 0.944015 0.900506 0.111970 0.139653
