0 0.096525 0.099132 0.193050 0.198264
0 0.429215 0.101303 0.238095 0.202605
0 0.649292 0.095152 0.222651 0.190304
0 0.874517 0.098046 0.250966 0.196092
0 0.032819 0.376989 0.065638 0.173661
0 0.191764 0.375543 0.226512 0.182344
0 0.430502 0.381693 0.220077 0.167150
0 0.634491 0.377713 0.247105 0.175109
0 0.879022 0.394718 0.241956 0.178727
0 0.928571 0.658104 0.142857 0.174385
0 0.754182 0.646527 0.267697 0.171491
0 0.554054 0.629885 0.222651 0.180174
0 0.059202 0.606729 0.118404 0.204776
0 0.177607 0.608901 0.239382 0.207670
0 0.061776 0.822358 0.123552 0.165702
0 0.188546 0.824891 0.209781 0.162084
0 0.487774 0.860347 0.252252 0.202604
0 0.587516 0.846599 0.135135 0.160637
0 0.762548 0.818379 0.145432 0.102749
0 0.932432 0.876266 0.135136 0.172214
