0 0.889731 0.065342 0.119529 0.113636
0 0.744107 0.074336 0.131313 0.118371
0 0.627945 0.086175 0.087542 0.107955
0 0.477273 0.086175 0.173400 0.115531
0 0.308922 0.096118 0.126262 0.107007
0 0.146465 0.108427 0.117845 0.120265
0 0.047138 0.110322 0.094276 0.108902
0 0.048821 0.478693 0.097643 0.201704
0 0.136364 0.443655 0.222222 0.220644
0 0.353535 0.401042 0.259260 0.258522
0 0.634680 0.374527 0.239056 0.237689
0 0.888889 0.354640 0.218855 0.222538
0 0.888889 0.606535 0.218855 0.171402
0 0.650673 0.653882 0.277778 0.222538
0 0.430135 0.671402 0.260944 0.217804
0 0.175925 0.693655 0.287878 0.213069
