0 0.162805 0.189218 0.204633 0.148336
0 0.330116 0.191751 0.204633 0.147612
0 0.042471 0.178003 0.084941 0.123011
0 0.833977 0.195008 0.193050 0.162808
0 0.338481 0.368669 0.167310 0.126628
0 0.201415 0.373010 0.222651 0.116498
0 0.840411 0.371925 0.203346 0.130246
0 0.965251 0.364327 0.069498 0.122287
0 0.937581 0.520984 0.124838 0.109986
0 0.854569 0.530391 0.138996 0.114328
0 0.332690 0.543054 0.209781 0.106368
0 0.157014 0.544863 0.177606 0.107091
0 0.055341 0.368306 0.110683 0.123011
0 0.373230 0.690304 0.159588 0.107091
0 0.225225 0.697902 0.164737 0.110708
0 0.088160 0.850217 0.124839 0.091172
0 0.401545 0.837555 0.167310 0.102027
0 0.790862 0.819103 0.135135 0.104197
0 0.894465 0.806801 0.113255 0.107091
0 0.962677 0.796672 0.074645 0.102749
0 0.401545 0.967439 0.187902 0.065123
