0 0.090090 0.088640 0.180181 0.177279
0 0.317890 0.039074 0.200772 0.078147
0 0.346204 0.129522 0.205920 0.114328
0 0.564350 0.110347 0.271557 0.161361
0 0.593308 0.024240 0.262548 0.048480
0 0.853925 0.106729 0.292149 0.184515
0 0.061133 0.377352 0.122265 0.174385
0 0.324324 0.366136 0.236808 0.237337
0 0.564993 0.369754 0.265123 0.237337
0 0.781854 0.371201 0.245817 0.218524
0 0.925354 0.371563 0.149292 0.214907
0 0.079150 0.621563 0.158301 0.166426
0 0.549549 0.641824 0.213643 0.157743
0 0.342342 0.609262 0.267697 0.222866
0 0.740669 0.649060 0.245817 0.153401
0 0.072072 0.846237 0.144144 0.194645
0 0.327542 0.851303 0.245817 0.198987
0 0.464607 0.843344 0.193050 0.165702
0 0.693050 0.848770 0.245817 0.186686
