0 0.216217 0.088278 0.195625 0.176556
0 0.409909 0.094791 0.166023 0.146165
0 0.620978 0.094067 0.227799 0.172214
0 0.803089 0.087554 0.195625 0.169320
0 0.946589 0.308248 0.106822 0.130246
0 0.603603 0.324891 0.205920 0.128798
0 0.243243 0.349494 0.203346 0.153401
0 0.431145 0.342258 0.216217 0.138929
0 0.346203 0.557164 0.208494 0.159189
0 0.521236 0.562953 0.167310 0.153401
0 0.697555 0.538350 0.185328 0.146165
0 0.822394 0.522792 0.159588 0.120839
0 0.944015 0.511216 0.111970 0.139653
0 0.901544 0.692112 0.196912 0.143994
0 0.776705 0.714183 0.163450 0.138929
0 0.691763 0.732634 0.191763 0.135311
0 0.293436 0.783285 0.234235 0.180174
