0 0.043758 0.121924 0.087517 0.212011
0 0.225869 0.128076 0.122265 0.192475
0 0.306950 0.134949 0.140283 0.206224
0 0.441441 0.134949 0.123552 0.217801
0 0.541827 0.130607 0.074646 0.197539
0 0.589447 0.153039 0.064350 0.200434
0 0.664736 0.143994 0.109396 0.185238
0 0.789575 0.113604 0.109396 0.133140
0 0.860360 0.155571 0.057916 0.169320
0 0.914415 0.164254 0.093952 0.186686
0 0.058558 0.453328 0.117117 0.193199
0 0.169884 0.456585 0.120978 0.192475
0 0.279922 0.460203 0.119691 0.199711
0 0.398327 0.448626 0.073359 0.185238
0 0.481982 0.450072 0.114543 0.182344
0 0.581724 0.451881 0.105534 0.181621
0 0.680823 0.454413 0.102960 0.176555
0 0.772201 0.446817 0.090090 0.161361
0 0.735521 0.335746 0.292149 0.049205
0 0.839768 0.451520 0.119691 0.176555
0 0.929215 0.443198 0.100386 0.183068
0 0.915702 0.675109 0.091377 0.086831
0 0.804375 0.681982 0.100386 0.090448
0 0.715572 0.691028 0.066924 0.082489
0 0.600386 0.691028 0.132561 0.088278
0 0.471685 0.698626 0.096524 0.081765
0 0.347491 0.708031 0.090090 0.091896
0 0.256114 0.709479 0.102960 0.083213
0 0.173102 0.713097 0.122265 0.075978
0 0.073359 0.775326 0.108108 0.083213
0 0.086229 0.954414 0.172459 0.091172
0 0.213642 0.956946 0.193050 0.086107
0 0.339768 0.939942 0.169884 0.120116
0 0.505791 0.916426 0.198199 0.167149
0 0.720721 0.910275 0.182754 0.179449
0 0.915058 0.896165 0.167310 0.170044
