0 0.492277 0.101302 0.253539 0.202604
0 0.735521 0.104558 0.217503 0.209117
0 0.922780 0.106367 0.154440 0.212735
0 0.465251 0.396166 0.207207 0.191751
0 0.637065 0.394718 0.187902 0.191751
0 0.805019 0.388568 0.158301 0.179451
0 0.136422 0.389291 0.272844 0.193921
0 0.045689 0.632055 0.091377 0.187410
0 0.198841 0.638205 0.204633 0.183792
0 0.444659 0.646527 0.217503 0.185962
0 0.755469 0.647975 0.151866 0.183068
0 0.912484 0.657380 0.167310 0.180174
0 0.102316 0.854558 0.204632 0.076700
0 0.438225 0.837192 0.209781 0.136035
0 0.875161 0.874819 0.249678 0.196817
0 0.059202 0.098770 0.118404 0.197540
