0 0.541184 0.026049 0.191763 0.052098
0 0.723294 0.030390 0.247105 0.060781
0 0.895109 0.030753 0.173745 0.061506
0 0.901545 0.227931 0.196910 0.199711
0 0.726512 0.251448 0.268984 0.177279
0 0.541828 0.250361 0.211068 0.201158
0 0.331403 0.250000 0.297297 0.196093
0 0.123552 0.248552 0.247105 0.196093
0 0.933719 0.494935 0.132561 0.144718
0 0.785071 0.512663 0.180181 0.159913
0 0.626126 0.514110 0.207207 0.162808
0 0.474260 0.524602 0.204633 0.162084
0 0.247748 0.521708 0.181468 0.144718
0 0.096525 0.534008 0.193050 0.169320
0 0.245817 0.763025 0.172458 0.168596
0 0.388031 0.757959 0.163450 0.154124
0 0.528958 0.751448 0.167310 0.154124
0 0.684685 0.740956 0.169884 0.147612
0 0.814672 0.733358 0.120978 0.129522
0 0.936294 0.714183 0.127413 0.150506
0 0.923423 0.921129 0.153154 0.150506
0 0.774131 0.944283 0.258687 0.111433
0 0.448520 0.939942 0.279279 0.120116
