0 0.047138 0.266573 0.094276 0.307765
0 0.130471 0.251895 0.260942 0.306818
0 0.293771 0.258049 0.227273 0.290720
0 0.486533 0.268465 0.175084 0.273675
0 0.589225 0.274622 0.205387 0.301136
0 0.746633 0.265625 0.250842 0.294507
0 0.944445 0.272727 0.111111 0.246213
0 0.249158 0.716856 0.205387 0.259469
0 0.383838 0.731535 0.198653 0.266098
0 0.543771 0.739109 0.171716 0.269887
0 0.672558 0.734375 0.183502 0.264205
0 0.849327 0.750000 0.196969 0.251895
0 0.955387 0.752840 0.089225 0.285985
0 0.856060 0.575284 0.287879 0.086175
