0 0.218790 0.091172 0.280566 0.182345
0 0.475547 0.094790 0.212356 0.189580
0 0.697555 0.098408 0.241956 0.196817
0 0.897040 0.100579 0.205921 0.201158
0 0.905405 0.388568 0.189190 0.176555
0 0.727799 0.391100 0.212356 0.184515
0 0.554697 0.385674 0.244530 0.185238
0 0.382883 0.374458 0.235521 0.178727
0 0.163450 0.348409 0.190476 0.167150
0 0.125483 0.615412 0.209781 0.193199
0 0.279923 0.616860 0.184041 0.196093
0 0.425997 0.623372 0.229086 0.188856
0 0.607465 0.626267 0.149292 0.171491
0 0.747104 0.626267 0.194337 0.191751
0 0.884170 0.629885 0.231660 0.170044
0 0.330116 0.845152 0.341055 0.198263
0 0.687258 0.888929 0.267697 0.143994
0 0.900901 0.857453 0.198199 0.186686
