0 0.145833 0.121875 0.162037 0.141667
0 0.321296 0.125521 0.274074 0.156250
0 0.502315 0.125781 0.199074 0.153646
0 0.606019 0.139583 0.150926 0.132292
0 0.721759 0.143750 0.199074 0.140625
0 0.905093 0.130729 0.187963 0.148958
0 0.141667 0.359375 0.203704 0.089583
0 0.350926 0.352865 0.224074 0.132812
0 0.551389 0.355729 0.152778 0.113542
0 0.894907 0.363021 0.208333 0.106250
0 0.057407 0.526823 0.111111 0.150521
0 0.177778 0.527865 0.166667 0.154688
0 0.312963 0.523958 0.118519 0.138542
0 0.444907 0.525781 0.202778 0.152604
0 0.581019 0.524740 0.147222 0.144271
0 0.701852 0.528646 0.105556 0.142708
0 0.825926 0.549219 0.161111 0.120313
0 0.071759 0.695312 0.143518 0.141667
0 0.173611 0.721354 0.141667 0.096875
0 0.306481 0.707552 0.166667 0.100521
0 0.615741 0.704948 0.181481 0.120313
0 0.783796 0.693229 0.150926 0.137500
0 0.865741 0.838542 0.135185 0.111458
0 0.918519 0.695573 0.140741 0.130729
0 0.588889 0.853125 0.153704 0.145833
0 0.323148 0.847135 0.135185 0.121354
0 0.665278 0.844792 0.104630 0.122917
0 0.162500 0.846094 0.121296 0.119271
0 0.064815 0.853125 0.129630 0.138542
0 0.457407 0.659115 0.112963 0.068229
