0 0.071549 0.223485 0.143097 0.225378
0 0.232324 0.214962 0.255893 0.221591
0 0.747475 0.218751 0.242424 0.214015
0 0.915825 0.208333 0.141415 0.185605
0 0.641415 0.491004 0.228956 0.163825
0 0.801347 0.473958 0.205387 0.173295
0 0.444444 0.503787 0.188553 0.170455
0 0.053030 0.525567 0.106060 0.168560
0 0.107744 0.804924 0.215488 0.191287
0 0.257576 0.784564 0.208755 0.158144
0 0.424242 0.769413 0.161616 0.182765
0 0.612795 0.743371 0.228956 0.181818
0 0.790404 0.732955 0.186869 0.160985
0 0.750842 0.938446 0.188553 0.123107
0 0.578284 0.940340 0.234007 0.119319
0 0.361111 0.955965 0.257576 0.088069
0 0.197811 0.972065 0.213805 0.055871
