0 0.093308 0.077786 0.186615 0.155572
0 0.296654 0.073806 0.253539 0.147613
0 0.572716 0.079233 0.332046 0.158466
0 0.765123 0.073082 0.289575 0.146165
0 0.967825 0.079957 0.064349 0.159913
0 0.132561 0.348046 0.265123 0.196817
0 0.296011 0.353112 0.234235 0.196817
0 0.534105 0.379161 0.262548 0.173661
0 0.750322 0.387481 0.216217 0.177279
0 0.956242 0.362519 0.087516 0.167872
0 0.935007 0.678003 0.129987 0.183792
0 0.686615 0.695730 0.276705 0.161361
0 0.504505 0.696454 0.241956 0.168596
0 0.311454 0.677642 0.193050 0.152678
0 0.153153 0.679812 0.195625 0.117945
0 0.070785 0.660276 0.141570 0.136758
0 0.527670 0.937409 0.198199 0.125182
0 0.692407 0.941751 0.175032 0.116497
0 0.909910 0.959841 0.180180 0.080319
0 0.339124 0.959479 0.212356 0.081041
0 0.189833 0.921490 0.217503 0.120839
0 0.034106 0.920044 0.068212 0.129522
