0 0.126770 0.100941 0.253539 0.184515
0 0.376448 0.104920 0.212356 0.157743
0 0.853925 0.115051 0.289575 0.147612
0 0.063707 0.338639 0.127414 0.192475
0 0.228442 0.341172 0.281854 0.212011
0 0.417633 0.339726 0.204633 0.200434
0 0.585586 0.345152 0.146719 0.198263
0 0.758044 0.373734 0.223938 0.167150
0 0.075933 0.593705 0.151866 0.139653
0 0.465895 0.590087 0.252252 0.167150
0 0.699485 0.573806 0.209781 0.191027
0 0.813385 0.775688 0.187902 0.154848
0 0.886745 0.577062 0.195625 0.181621
0 0.428572 0.795948 0.213643 0.202604
0 0.076576 0.787626 0.153153 0.168596
0 0.534749 0.784371 0.145432 0.170767
0 0.245817 0.526412 0.157014 0.094790
