0 0.087516 0.193199 0.175032 0.196817
0 0.183397 0.197539 0.220077 0.199711
0 0.331403 0.206585 0.238095 0.172938
0 0.566280 0.188495 0.252252 0.191751
0 0.727799 0.209841 0.204633 0.166426
0 0.905406 0.196817 0.189189 0.172214
0 0.185328 0.467801 0.290862 0.133864
0 0.603604 0.464183 0.254826 0.168596
0 0.911196 0.470333 0.172458 0.167872
0 0.054054 0.697539 0.108109 0.191027
0 0.206564 0.693922 0.232948 0.192475
0 0.362934 0.698626 0.164737 0.165702
0 0.518018 0.712735 0.184041 0.149060
0 0.673745 0.712735 0.196912 0.146165
0 0.882239 0.717077 0.220077 0.146165
0 0.256113 0.909189 0.221364 0.159913
0 0.477477 0.908828 0.175032 0.175109
0 0.931789 0.920766 0.136423 0.151230
0 0.665380 0.906296 0.164737 0.170044
