0 0.032818 0.235166 0.065637 0.138929
0 0.104891 0.242402 0.099099 0.159189
0 0.209781 0.243488 0.110683 0.158465
0 0.333334 0.237336 0.118404 0.140377
0 0.448520 0.258683 0.117117 0.193199
0 0.559846 0.261939 0.120978 0.192475
0 0.669884 0.265557 0.119691 0.199711
0 0.788289 0.253980 0.073359 0.185238
0 0.871944 0.255426 0.114543 0.182344
0 0.959459 0.257235 0.081081 0.181621
0 0.962034 0.496382 0.075933 0.088278
0 0.861647 0.503980 0.096524 0.081765
0 0.737452 0.513386 0.090090 0.091896
0 0.646075 0.514833 0.102960 0.083213
0 0.563064 0.518451 0.122265 0.075978
0 0.463320 0.580680 0.108108 0.083213
0 0.356499 0.581042 0.097812 0.082489
0 0.246461 0.603112 0.127414 0.107815
0 0.128701 0.569465 0.118404 0.192475
0 0.041185 0.556079 0.082368 0.180174
0 0.102316 0.833213 0.199486 0.158465
0 0.290862 0.821274 0.234235 0.140377
0 0.474904 0.790522 0.175032 0.152678
0 0.603603 0.796309 0.193050 0.154124
0 0.729730 0.769536 0.169884 0.168596
0 0.895752 0.736976 0.198199 0.197539
0 0.927284 0.930174 0.145432 0.139653
0 0.759974 0.939580 0.220077 0.120840
0 0.514800 0.952605 0.267697 0.094790
0 0.178250 0.968162 0.279279 0.063675
