0 0.175032 0.088278 0.290862 0.166426
0 0.424710 0.102387 0.280566 0.200434
0 0.664736 0.120477 0.217503 0.119393
0 0.922779 0.102387 0.151866 0.178727
0 0.043758 0.366860 0.087516 0.154848
0 0.175032 0.368306 0.211068 0.151954
0 0.458816 0.358901 0.168597 0.156295
0 0.624840 0.363242 0.225225 0.162084
0 0.859717 0.372649 0.257400 0.138929
0 0.097169 0.613965 0.194337 0.177279
0 0.292150 0.608901 0.218790 0.146888
0 0.467182 0.607814 0.195625 0.162084
0 0.643501 0.606729 0.182754 0.164254
0 0.833334 0.608177 0.227799 0.161361
0 0.120979 0.780752 0.146719 0.096961
0 0.283783 0.835022 0.178894 0.149060
0 0.575933 0.819827 0.191763 0.160637
0 0.425354 0.829233 0.127414 0.151954
0 0.806950 0.818741 0.190476 0.172938
