0 0.641415 0.081913 0.228956 0.163825
0 0.801347 0.075757 0.205387 0.151515
0 0.444444 0.094696 0.188553 0.170455
0 0.053030 0.116476 0.106060 0.168560
0 0.107744 0.395833 0.215488 0.191287
0 0.257576 0.375473 0.208755 0.158144
0 0.424242 0.360322 0.161616 0.182765
0 0.612795 0.334280 0.228956 0.181818
0 0.790404 0.323864 0.186869 0.160985
0 0.750842 0.545927 0.188553 0.156251
0 0.578284 0.560605 0.234007 0.178031
0 0.361111 0.597064 0.257576 0.188447
0 0.197811 0.625947 0.213805 0.181818
0 0.106060 0.650095 0.212121 0.177084
