0 0.202862 0.105587 0.250842 0.211174
0 0.430135 0.097064 0.247475 0.194128
0 0.627945 0.090435 0.198653 0.180871
0 0.838384 0.084280 0.215489 0.168561
0 0.754209 0.352273 0.306398 0.159091
0 0.624580 0.366478 0.212122 0.176136
0 0.446969 0.386836 0.254209 0.161933
0 0.260102 0.382102 0.274411 0.167615
0 0.106060 0.385891 0.212121 0.199811
0 0.047138 0.383996 0.094275 0.218751
0 0.150673 0.665245 0.301346 0.199811
0 0.511784 0.666193 0.326600 0.171402
0 0.720538 0.622160 0.282829 0.166667
0 0.895624 0.580018 0.205387 0.197916
