0 0.357142 0.034370 0.204633 0.068741
0 0.524453 0.035456 0.204633 0.070912
0 0.201415 0.022431 0.155727 0.044863
0 0.532818 0.174024 0.167310 0.126628
0 0.395753 0.178365 0.222651 0.116498
0 0.966538 0.177280 0.066924 0.130246
0 0.527027 0.348409 0.209781 0.106368
0 0.351352 0.350218 0.177606 0.107091
0 0.214930 0.173661 0.180181 0.123011
0 0.567567 0.495658 0.159588 0.107091
0 0.419563 0.503256 0.164737 0.110708
0 0.282497 0.655571 0.124839 0.091172
0 0.595882 0.642909 0.167310 0.102027
0 0.958816 0.624458 0.082368 0.104197
0 0.595882 0.784732 0.187902 0.089001
