0 0.211068 0.033647 0.218790 0.067294
0 0.420850 0.044139 0.257400 0.088279
0 0.891249 0.035818 0.212356 0.071635
0 0.675032 0.035456 0.225225 0.070912
0 0.923424 0.260854 0.153153 0.185962
0 0.637709 0.261939 0.209781 0.162084
0 0.781210 0.259768 0.157014 0.154848
0 0.415701 0.258322 0.182754 0.140377
0 0.243887 0.257598 0.238095 0.170767
0 0.054054 0.267366 0.108108 0.167150
0 0.074003 0.521708 0.148004 0.141823
0 0.234235 0.509044 0.221364 0.136758
0 0.406049 0.505065 0.181468 0.153401
0 0.595238 0.503618 0.214930 0.144718
0 0.760617 0.505427 0.167310 0.157019
0 0.918275 0.501085 0.163450 0.158465
0 0.960746 0.701519 0.078507 0.158465
0 0.860360 0.716715 0.173745 0.154124
0 0.669240 0.707670 0.167310 0.123011
0 0.504505 0.712735 0.216217 0.115774
0 0.212999 0.724312 0.238095 0.144718
0 0.081724 0.724312 0.155727 0.154848
0 0.826254 0.882055 0.172458 0.121563
0 0.054054 0.267366 0.108108 0.167150
