0 0.104891 0.158104 0.209781 0.193199
0 0.299872 0.159552 0.257400 0.200434
0 0.543115 0.164617 0.252252 0.204776
0 0.776705 0.172214 0.289575 0.193921
0 0.939511 0.175470 0.120979 0.191751
0 0.120978 0.466353 0.241956 0.197539
0 0.338482 0.490232 0.193050 0.178727
0 0.564993 0.477569 0.290862 0.166426
0 0.814672 0.491678 0.280566 0.200434
0 0.142214 0.755066 0.225225 0.164254
0 0.363578 0.756151 0.227799 0.154848
0 0.564993 0.757597 0.211068 0.151954
0 0.848777 0.748191 0.168597 0.156295
0 0.951094 0.752533 0.097812 0.162084
0 0.295367 0.945369 0.196912 0.109262
0 0.469112 0.957308 0.230374 0.085384
0 0.682111 0.962374 0.218790 0.075253
0 0.857143 0.958031 0.195625 0.083937
